\begin{tabular}{lrrrrrrrrrrrrrrr}
\toprule
{} &  boeck2015/tempodetector2016\_default &  davies2009/mirex\_qm\_tempotracker &  echonest/version\_3\_2\_1 &  gkiokas2012/default &  klapuri2006/percival2014 &  oliveira2010/ibt &  percival2014/stem &  scheirer1998/percival2014 &  schreiber2014/default &  schreiber2017/ismir2017 &  schreiber2017/mirex2017 &  schreiber2018/cnn &  schreiber2018/fcn &  schreiber2018/ismir2018 &  zplane/auftakt\_v3 \\
Estimator                           &                                      &                                   &                         &                      &                           &                   &                    &                            &                        &                          &                          &                    &                    &                          &                    \\
\midrule
boeck2015/tempodetector2016\_default &                         1.000000e+00 &                      2.555237e-10 &            1.500316e-07 &         9.721946e-01 &              2.552507e-01 &      3.274523e-08 &       1.165122e-01 &               8.034754e-35 &           3.601814e-03 &             6.431685e-01 &             3.633566e-01 &       7.829736e-03 &       2.086453e-01 &             8.691768e-01 &       1.138436e-06 \\
davies2009/mirex\_qm\_tempotracker    &                         2.555237e-10 &                      1.000000e+00 &            6.021586e-01 &         2.331619e-09 &              1.045077e-08 &      4.540026e-01 &       1.764789e-14 &               5.682486e-19 &           2.858998e-03 &             2.296598e-08 &             2.192592e-07 &       3.096021e-17 &       4.642992e-13 &             5.212683e-10 &       5.308940e-01 \\
echonest/version\_3\_2\_1              &                         1.500316e-07 &                      6.021586e-01 &            1.000000e+00 &         7.269408e-09 &              3.199374e-06 &      8.885360e-01 &       1.216676e-12 &               3.336669e-18 &           1.314151e-03 &             2.894827e-08 &             7.748906e-08 &       4.931146e-14 &       1.487116e-11 &             1.944773e-08 &       8.916159e-01 \\
gkiokas2012/default                 &                         9.721946e-01 &                      2.331619e-09 &            7.269408e-09 &         1.000000e+00 &              2.317117e-01 &      5.198037e-08 &       8.978083e-02 &               1.314427e-34 &           8.096907e-04 &             5.993900e-01 &             3.156824e-01 &       5.240136e-03 &       1.812344e-01 &             8.989929e-01 &       2.986164e-07 \\
klapuri2006/percival2014            &                         2.552507e-01 &                      1.045077e-08 &            3.199374e-06 &         2.317117e-01 &              1.000000e+00 &      1.176372e-07 &       5.306171e-03 &               1.261364e-31 &           5.110894e-02 &             4.565440e-01 &             7.849487e-01 &       1.468257e-04 &       1.978920e-02 &             2.004270e-01 &       8.113998e-06 \\
oliveira2010/ibt                    &                         3.274523e-08 &                      4.540026e-01 &            8.885360e-01 &         5.198037e-08 &              1.176372e-07 &      1.000000e+00 &       2.833576e-12 &               6.258980e-20 &           4.338920e-03 &             8.676585e-09 &             6.320645e-08 &       4.662799e-14 &       7.598503e-10 &             1.702912e-08 &       9.999741e-01 \\
percival2014/stem                   &                         1.165122e-01 &                      1.764789e-14 &            1.216676e-12 &         8.978083e-02 &              5.306171e-03 &      2.833576e-12 &       1.000000e+00 &               1.905316e-37 &           6.145198e-06 &             5.174191e-02 &             1.510229e-02 &       2.646816e-01 &       6.958788e-01 &             9.067932e-02 &       7.111583e-11 \\
scheirer1998/percival2014           &                         8.034754e-35 &                      5.682486e-19 &            3.336669e-18 &         1.314427e-34 &              1.261364e-31 &      6.258980e-20 &       1.905316e-37 &               1.000000e+00 &           1.588210e-26 &             1.124999e-33 &             8.633314e-33 &       2.505777e-40 &       7.965079e-38 &             2.583359e-34 &       5.263031e-19 \\
schreiber2014/default               &                         3.601814e-03 &                      2.858998e-03 &            1.314151e-03 &         8.096907e-04 &              5.110894e-02 &      4.338920e-03 &       6.145198e-06 &               1.588210e-26 &           1.000000e+00 &             6.683662e-04 &             1.910365e-03 &       1.000324e-07 &       5.682238e-06 &             4.436857e-04 &       3.140958e-03 \\
schreiber2017/ismir2017             &                         6.431685e-01 &                      2.296598e-08 &            2.894827e-08 &         5.993900e-01 &              4.565440e-01 &      8.676585e-09 &       5.174191e-02 &               1.124999e-33 &           6.683662e-04 &             1.000000e+00 &             1.647293e-01 &       3.445341e-03 &       9.267117e-02 &             5.108698e-01 &       7.867672e-08 \\
schreiber2017/mirex2017             &                         3.633566e-01 &                      2.192592e-07 &            7.748906e-08 &         3.156824e-01 &              7.849487e-01 &      6.320645e-08 &       1.510229e-02 &               8.633314e-33 &           1.910365e-03 &             1.647293e-01 &             1.000000e+00 &       5.411982e-04 &       2.940105e-02 &             2.294601e-01 &       1.387430e-06 \\
schreiber2018/cnn                   &                         7.829736e-03 &                      3.096021e-17 &            4.931146e-14 &         5.240136e-03 &              1.468257e-04 &      4.662799e-14 &       2.646816e-01 &               2.505777e-40 &           1.000324e-07 &             3.445341e-03 &             5.411982e-04 &       1.000000e+00 &       6.053681e-02 &             5.136921e-03 &       4.965410e-12 \\
schreiber2018/fcn                   &                         2.086453e-01 &                      4.642992e-13 &            1.487116e-11 &         1.812344e-01 &              1.978920e-02 &      7.598503e-10 &       6.958788e-01 &               7.965079e-38 &           5.682238e-06 &             9.267117e-02 &             2.940105e-02 &       6.053681e-02 &       1.000000e+00 &             1.904415e-01 &       1.506311e-09 \\
schreiber2018/ismir2018             &                         8.691768e-01 &                      5.212683e-10 &            1.944773e-08 &         8.989929e-01 &              2.004270e-01 &      1.702912e-08 &       9.067932e-02 &               2.583359e-34 &           4.436857e-04 &             5.108698e-01 &             2.294601e-01 &       5.136921e-03 &       1.904415e-01 &             1.000000e+00 &       2.228952e-07 \\
zplane/auftakt\_v3                   &                         1.138436e-06 &                      5.308940e-01 &            8.916159e-01 &         2.986164e-07 &              8.113998e-06 &      9.999741e-01 &       7.111583e-11 &               5.263031e-19 &           3.140958e-03 &             7.867672e-08 &             1.387430e-06 &       4.965410e-12 &       1.506311e-09 &             2.228952e-07 &       1.000000e+00 \\
\bottomrule
\end{tabular}
