\begin{tabular}{lrrrrrrrrrrrrrrrrr}
\toprule
{} &  boeck2015/tempodetector2016\_default &  boeck2019/multi\_task &  boeck2019/multi\_task\_hjdb &  davies2009/mirex\_qm\_tempotracker &  echonest/version\_3\_2\_1 &  gkiokas2012/default &  klapuri2006/percival2014 &  oliveira2010/ibt &  percival2014/stem &  scheirer1998/percival2014 &  schreiber2014/default &  schreiber2017/ismir2017 &  schreiber2017/mirex2017 &  schreiber2018/cnn &  schreiber2018/fcn &  schreiber2018/ismir2018 &  zplane/auftakt\_v3 \\
Estimator                           &                                      &                       &                            &                                   &                         &                      &                           &                   &                    &                            &                        &                          &                          &                    &                    &                          &                    \\
\midrule
boeck2015/tempodetector2016\_default &                         1.000000e+00 &          7.871869e-23 &               6.509524e-20 &                      1.271916e-04 &            1.513455e-17 &         3.479657e-20 &              3.913199e-07 &      6.688047e-03 &       4.535241e-38 &               1.898482e-20 &           5.795614e-55 &             1.065853e-33 &             7.192074e-39 &       3.099696e-11 &       5.827625e-19 &             7.765479e-12 &       1.816551e-13 \\
boeck2019/multi\_task                &                         7.871869e-23 &          1.000000e+00 &               1.105339e-01 &                      9.455055e-42 &            5.284220e-01 &         5.251861e-01 &              6.782693e-06 &      5.170273e-38 &       7.474988e-08 &               3.366467e-01 &           5.320387e-18 &             3.143423e-02 &             4.148025e-05 &       1.855242e-05 &       2.300220e-01 &             5.774634e-05 &       8.052431e-02 \\
boeck2019/multi\_task\_hjdb           &                         6.509524e-20 &          1.105339e-01 &               1.000000e+00 &                      1.112797e-35 &            9.264377e-01 &         1.975372e-01 &              3.183104e-04 &      2.201530e-32 &       7.530094e-09 &               8.732573e-02 &           3.924472e-19 &             4.213296e-03 &             2.312975e-06 &       6.070874e-04 &       6.574267e-01 &             1.417622e-03 &       3.263985e-01 \\
davies2009/mirex\_qm\_tempotracker    &                         1.271916e-04 &          9.455055e-42 &               1.112797e-35 &                      1.000000e+00 &            2.540312e-35 &         4.409680e-39 &              3.327235e-33 &      2.649614e-01 &       1.691211e-78 &               2.184790e-42 &           3.782997e-91 &             9.991541e-55 &             6.498866e-59 &       4.752837e-23 &       2.023368e-29 &             3.272923e-27 &       2.763620e-35 \\
echonest/version\_3\_2\_1              &                         1.513455e-17 &          5.284220e-01 &               9.264377e-01 &                      2.540312e-35 &            1.000000e+00 &         2.104191e-01 &              3.778437e-04 &      1.056897e-29 &       5.182736e-08 &               4.525313e-02 &           5.134479e-17 &             6.434289e-03 &             1.351029e-06 &       4.672577e-04 &       5.906532e-01 &             1.769342e-03 &       3.122675e-01 \\
gkiokas2012/default                 &                         3.479657e-20 &          5.251861e-01 &               1.975372e-01 &                      4.409680e-39 &            2.104191e-01 &         1.000000e+00 &              1.010938e-06 &      5.565134e-37 &       1.381459e-05 &               2.578979e-01 &           5.390179e-12 &             2.650495e-01 &             2.630869e-03 &       1.314665e-05 &       8.595958e-02 &             1.726628e-05 &       1.631997e-02 \\
klapuri2006/percival2014            &                         3.913199e-07 &          6.782693e-06 &               3.183104e-04 &                      3.327235e-33 &            3.778437e-04 &         1.010938e-06 &              1.000000e+00 &      8.046115e-35 &       6.002195e-33 &               1.351084e-08 &           6.263451e-41 &             1.234526e-10 &             1.541809e-14 &       6.424014e-01 &       4.475925e-03 &             4.080290e-01 &       2.512439e-03 \\
oliveira2010/ibt                    &                         6.688047e-03 &          5.170273e-38 &               2.201530e-32 &                      2.649614e-01 &            1.056897e-29 &         5.565134e-37 &              8.046115e-35 &      1.000000e+00 &       5.411122e-81 &               3.059386e-38 &           9.896357e-94 &             3.012858e-46 &             7.990064e-51 &       7.061393e-18 &       4.725470e-23 &             3.292084e-23 &       4.571858e-42 \\
percival2014/stem                   &                         4.535241e-38 &          7.474988e-08 &               7.530094e-09 &                      1.691211e-78 &            5.182736e-08 &         1.381459e-05 &              6.002195e-33 &      5.411122e-81 &       1.000000e+00 &               6.193170e-03 &           4.001182e-04 &             1.057012e-03 &             3.012675e-01 &       3.797179e-18 &       1.530845e-08 &             9.910285e-22 &       6.860698e-14 \\
scheirer1998/percival2014           &                         1.898482e-20 &          3.366467e-01 &               8.732573e-02 &                      2.184790e-42 &            4.525313e-02 &         2.578979e-01 &              1.351084e-08 &      3.059386e-38 &       6.193170e-03 &               1.000000e+00 &           3.640561e-07 &             9.128447e-01 &             4.630413e-02 &       4.424337e-06 &       3.243499e-02 &             3.352688e-06 &       7.436614e-03 \\
schreiber2014/default               &                         5.795614e-55 &          5.320387e-18 &               3.924472e-19 &                      3.782997e-91 &            5.134479e-17 &         5.390179e-12 &              6.263451e-41 &      9.896357e-94 &       4.001182e-04 &               3.640561e-07 &           1.000000e+00 &             1.026506e-11 &             4.804419e-05 &       5.456201e-33 &       5.635741e-20 &             2.829968e-39 &       4.466977e-27 \\
schreiber2017/ismir2017             &                         1.065853e-33 &          3.143423e-02 &               4.213296e-03 &                      9.991541e-55 &            6.434289e-03 &         2.650495e-01 &              1.234526e-10 &      3.012858e-46 &       1.057012e-03 &               9.128447e-01 &           1.026506e-11 &             1.000000e+00 &             4.432992e-03 &       3.223711e-12 &       3.097799e-04 &             7.203752e-11 &       1.556873e-04 \\
schreiber2017/mirex2017             &                         7.192074e-39 &          4.148025e-05 &               2.312975e-06 &                      6.498866e-59 &            1.351029e-06 &         2.630869e-03 &              1.541809e-14 &      7.990064e-51 &       3.012675e-01 &               4.630413e-02 &           4.804419e-05 &             4.432992e-03 &             1.000000e+00 &       5.071545e-22 &       8.504576e-10 &             7.345746e-17 &       3.230425e-08 \\
schreiber2018/cnn                   &                         3.099696e-11 &          1.855242e-05 &               6.070874e-04 &                      4.752837e-23 &            4.672577e-04 &         1.314665e-05 &              6.424014e-01 &      7.061393e-18 &       3.797179e-18 &               4.424337e-06 &           5.456201e-33 &             3.223711e-12 &             5.071545e-22 &       1.000000e+00 &       3.999308e-04 &             7.457108e-01 &       2.583069e-02 \\
schreiber2018/fcn                   &                         5.827625e-19 &          2.300220e-01 &               6.574267e-01 &                      2.023368e-29 &            5.906532e-01 &         8.595958e-02 &              4.475925e-03 &      4.725470e-23 &       1.530845e-08 &               3.243499e-02 &           5.635741e-20 &             3.097799e-04 &             8.504576e-10 &       3.999308e-04 &       1.000000e+00 &             5.000963e-03 &       6.207460e-01 \\
schreiber2018/ismir2018             &                         7.765479e-12 &          5.774634e-05 &               1.417622e-03 &                      3.272923e-27 &            1.769342e-03 &         1.726628e-05 &              4.080290e-01 &      3.292084e-23 &       9.910285e-22 &               3.352688e-06 &           2.829968e-39 &             7.203752e-11 &             7.345746e-17 &       7.457108e-01 &       5.000963e-03 &             1.000000e+00 &       3.407049e-02 \\
zplane/auftakt\_v3                   &                         1.816551e-13 &          8.052431e-02 &               3.263985e-01 &                      2.763620e-35 &            3.122675e-01 &         1.631997e-02 &              2.512439e-03 &      4.571858e-42 &       6.860698e-14 &               7.436614e-03 &           4.466977e-27 &             1.556873e-04 &             3.230425e-08 &       2.583069e-02 &       6.207460e-01 &             3.407049e-02 &       1.000000e+00 \\
\bottomrule
\end{tabular}
