\begin{tabular}{lrrrrrrrrrrrrrrr}
\toprule
{} &  boeck2015/tempodetector2016\_default &  davies2009/mirex\_qm\_tempotracker &  echonest/version\_3\_2\_1 &  gkiokas2012/default &  klapuri2006/percival2014 &  oliveira2010/ibt &  percival2014/stem &  scheirer1998/percival2014 &  schreiber2014/default &  schreiber2017/ismir2017 &  schreiber2017/mirex2017 &  schreiber2018/cnn &  schreiber2018/fcn &  schreiber2018/ismir2018 &  zplane/auftakt\_v3 \\
Estimator                           &                                      &                                   &                         &                      &                           &                   &                    &                            &                        &                          &                          &                    &                    &                          &                    \\
\midrule
boeck2015/tempodetector2016\_default &                         1.000000e+00 &                      1.271916e-04 &            1.513455e-17 &         3.479657e-20 &              3.913199e-07 &      6.688047e-03 &       4.535241e-38 &               1.898482e-20 &           5.795614e-55 &             7.256951e-09 &             3.901397e-12 &       3.099696e-11 &       5.827625e-19 &             7.765479e-12 &       1.816551e-13 \\
davies2009/mirex\_qm\_tempotracker    &                         1.271916e-04 &                      1.000000e+00 &            2.540312e-35 &         4.409680e-39 &              3.327235e-33 &      2.649614e-01 &       1.691211e-78 &               2.184790e-42 &           3.782997e-91 &             5.801766e-28 &             1.855349e-33 &       4.752837e-23 &       2.023368e-29 &             3.272923e-27 &       2.763620e-35 \\
echonest/version\_3\_2\_1              &                         1.513455e-17 &                      2.540312e-35 &            1.000000e+00 &         2.104191e-01 &              3.778437e-04 &      1.056897e-29 &       5.182736e-08 &               4.525313e-02 &           5.134479e-17 &             3.919124e-03 &             8.264428e-02 &       4.672577e-04 &       5.906532e-01 &             1.769342e-03 &       3.122675e-01 \\
gkiokas2012/default                 &                         3.479657e-20 &                      4.409680e-39 &            2.104191e-01 &         1.000000e+00 &              1.010938e-06 &      5.565134e-37 &       1.381459e-05 &               2.578979e-01 &           5.390179e-12 &             3.493168e-05 &             2.716370e-03 &       1.314665e-05 &       8.595958e-02 &             1.726628e-05 &       1.631997e-02 \\
klapuri2006/percival2014            &                         3.913199e-07 &                      3.327235e-33 &            3.778437e-04 &         1.010938e-06 &              1.000000e+00 &      8.046115e-35 &       6.002195e-33 &               1.351084e-08 &           6.263451e-41 &             3.685319e-01 &             1.935411e-02 &       6.424014e-01 &       4.475925e-03 &             4.080290e-01 &       2.512439e-03 \\
oliveira2010/ibt                    &                         6.688047e-03 &                      2.649614e-01 &            1.056897e-29 &         5.565134e-37 &              8.046115e-35 &      1.000000e+00 &       5.411122e-81 &               3.059386e-38 &           9.896357e-94 &             5.978668e-34 &             1.543647e-40 &       7.061393e-18 &       4.725470e-23 &             3.292084e-23 &       4.571858e-42 \\
percival2014/stem                   &                         4.535241e-38 &                      1.691211e-78 &            5.182736e-08 &         1.381459e-05 &              6.002195e-33 &      5.411122e-81 &       1.000000e+00 &               6.193170e-03 &           4.001182e-04 &             5.603214e-19 &             1.304316e-14 &       3.797179e-18 &       1.530845e-08 &             9.910285e-22 &       6.860698e-14 \\
scheirer1998/percival2014           &                         1.898482e-20 &                      2.184790e-42 &            4.525313e-02 &         2.578979e-01 &              1.351084e-08 &      3.059386e-38 &       6.193170e-03 &               1.000000e+00 &           3.640561e-07 &             1.336868e-06 &             2.528582e-04 &       4.424337e-06 &       3.243499e-02 &             3.352688e-06 &       7.436614e-03 \\
schreiber2014/default               &                         5.795614e-55 &                      3.782997e-91 &            5.134479e-17 &         5.390179e-12 &              6.263451e-41 &      9.896357e-94 &       4.001182e-04 &               3.640561e-07 &           1.000000e+00 &             4.459888e-31 &             2.958775e-25 &       5.456201e-33 &       5.635741e-20 &             2.829968e-39 &       4.466977e-27 \\
schreiber2017/ismir2017             &                         7.256951e-09 &                      5.801766e-28 &            3.919124e-03 &         3.493168e-05 &              3.685319e-01 &      5.978668e-34 &       5.603214e-19 &               1.336868e-06 &           4.459888e-31 &             1.000000e+00 &             4.279368e-06 &       7.853739e-01 &       2.776852e-02 &             9.764570e-01 &       4.292834e-02 \\
schreiber2017/mirex2017             &                         3.901397e-12 &                      1.855349e-33 &            8.264428e-02 &         2.716370e-03 &              1.935411e-02 &      1.543647e-40 &       1.304316e-14 &               2.528582e-04 &           2.958775e-25 &             4.279368e-06 &             1.000000e+00 &       1.363007e-01 &       2.595670e-01 &             1.799252e-01 &       4.604355e-01 \\
schreiber2018/cnn                   &                         3.099696e-11 &                      4.752837e-23 &            4.672577e-04 &         1.314665e-05 &              6.424014e-01 &      7.061393e-18 &       3.797179e-18 &               4.424337e-06 &           5.456201e-33 &             7.853739e-01 &             1.363007e-01 &       1.000000e+00 &       3.999308e-04 &             7.457108e-01 &       2.583069e-02 \\
schreiber2018/fcn                   &                         5.827625e-19 &                      2.023368e-29 &            5.906532e-01 &         8.595958e-02 &              4.475925e-03 &      4.725470e-23 &       1.530845e-08 &               3.243499e-02 &           5.635741e-20 &             2.776852e-02 &             2.595670e-01 &       3.999308e-04 &       1.000000e+00 &             5.000963e-03 &       6.207460e-01 \\
schreiber2018/ismir2018             &                         7.765479e-12 &                      3.272923e-27 &            1.769342e-03 &         1.726628e-05 &              4.080290e-01 &      3.292084e-23 &       9.910285e-22 &               3.352688e-06 &           2.829968e-39 &             9.764570e-01 &             1.799252e-01 &       7.457108e-01 &       5.000963e-03 &             1.000000e+00 &       3.407049e-02 \\
zplane/auftakt\_v3                   &                         1.816551e-13 &                      2.763620e-35 &            3.122675e-01 &         1.631997e-02 &              2.512439e-03 &      4.571858e-42 &       6.860698e-14 &               7.436614e-03 &           4.466977e-27 &             4.292834e-02 &             4.604355e-01 &       2.583069e-02 &       6.207460e-01 &             3.407049e-02 &       1.000000e+00 \\
\bottomrule
\end{tabular}
