\begin{tabular}{lrrrrrrrrrrrrrrr}
\toprule
{} &  boeck2015/tempodetector2016\_default &  davies2009/mirex\_qm\_tempotracker &  echonest/version\_3\_2\_1 &  gkiokas2012/default &  klapuri2006/percival2014 &  oliveira2010/ibt &  percival2014/stem &  scheirer1998/percival2014 &  schreiber2014/default &  schreiber2017/ismir2017 &  schreiber2017/mirex2017 &  schreiber2018/cnn &  schreiber2018/fcn &  schreiber2018/ismir2018 &  zplane/auftakt\_v3 \\
Estimator                           &                                      &                                   &                         &                      &                           &                   &                    &                            &                        &                          &                          &                    &                    &                          &                    \\
\midrule
boeck2015/tempodetector2016\_default &                         1.000000e+00 &                      2.506559e-07 &            2.221904e-03 &         8.944158e-01 &              2.168016e-03 &      1.312388e-09 &       5.050466e-01 &               1.749797e-07 &           1.395606e-03 &             7.394815e-01 &             9.586789e-01 &       1.017673e-19 &       1.052718e-16 &             6.495796e-06 &       6.396646e-01 \\
davies2009/mirex\_qm\_tempotracker    &                         2.506559e-07 &                      1.000000e+00 &            5.960743e-16 &         6.815317e-06 &              2.212048e-02 &      4.687353e-02 &       7.887717e-09 &               4.823581e-01 &           6.715072e-16 &             1.980490e-07 &             1.864428e-08 &       7.963477e-42 &       1.561969e-32 &             3.966677e-23 &       2.494125e-06 \\
echonest/version\_3\_2\_1              &                         2.221904e-03 &                      5.960743e-16 &            1.000000e+00 &         8.020257e-04 &              6.614058e-11 &      8.424475e-21 &       1.218626e-02 &               2.530043e-16 &           6.968239e-01 &             2.806044e-04 &             1.097781e-03 &       5.943154e-08 &       5.847796e-07 &             3.646757e-01 &       1.911892e-04 \\
gkiokas2012/default                 &                         8.944158e-01 &                      6.815317e-06 &            8.020257e-04 &         1.000000e+00 &              1.669548e-03 &      1.465270e-09 &       3.238147e-01 &               4.422997e-07 &           8.272683e-05 &             8.399394e-01 &             8.353731e-01 &       4.345927e-16 &       7.648170e-15 &             1.577223e-05 &       7.064527e-01 \\
klapuri2006/percival2014            &                         2.168016e-03 &                      2.212048e-02 &            6.614058e-11 &         1.669548e-03 &              1.000000e+00 &      2.977506e-06 &       9.584108e-08 &               8.434261e-03 &           2.658835e-15 &             2.242562e-04 &             2.492700e-05 &       6.581773e-31 &       3.050916e-25 &             1.930848e-18 &       1.219629e-03 \\
oliveira2010/ibt                    &                         1.312388e-09 &                      4.687353e-02 &            8.424475e-21 &         1.465270e-09 &              2.977506e-06 &      1.000000e+00 &       1.790100e-14 &               5.590474e-01 &           2.121522e-23 &             8.540808e-17 &             9.106483e-19 &       1.185989e-47 &       7.044685e-36 &             4.198082e-31 &       2.377619e-13 \\
percival2014/stem                   &                         5.050466e-01 &                      7.887717e-09 &            1.218626e-02 &         3.238147e-01 &              9.584108e-08 &      1.790100e-14 &       1.000000e+00 &               5.870628e-10 &           6.626462e-05 &             2.347065e-01 &             4.431774e-01 &       1.385120e-13 &       6.325926e-12 &             1.712017e-04 &       1.391108e-01 \\
scheirer1998/percival2014           &                         1.749797e-07 &                      4.823581e-01 &            2.530043e-16 &         4.422997e-07 &              8.434261e-03 &      5.590474e-01 &       5.870628e-10 &               1.000000e+00 &           5.050983e-20 &             2.604084e-07 &             2.180365e-08 &       1.424026e-37 &       1.359997e-33 &             4.271342e-21 &       5.362351e-07 \\
schreiber2014/default               &                         1.395606e-03 &                      6.715072e-16 &            6.968239e-01 &         8.272683e-05 &              2.658835e-15 &      2.121522e-23 &       6.626462e-05 &               5.050983e-20 &           1.000000e+00 &             2.671319e-05 &             1.418128e-04 &       2.265107e-06 &       3.355615e-06 &             5.818316e-01 &       8.757871e-07 \\
schreiber2017/ismir2017             &                         7.394815e-01 &                      1.980490e-07 &            2.806044e-04 &         8.399394e-01 &              2.242562e-04 &      8.540808e-17 &       2.347065e-01 &               2.604084e-07 &           2.671319e-05 &             1.000000e+00 &             1.050171e-01 &       2.109268e-18 &       1.519368e-14 &             9.106755e-07 &       8.582562e-01 \\
schreiber2017/mirex2017             &                         9.586789e-01 &                      1.864428e-08 &            1.097781e-03 &         8.353731e-01 &              2.492700e-05 &      9.106483e-19 &       4.431774e-01 &               2.180365e-08 &           1.418128e-04 &             1.050171e-01 &             1.000000e+00 &       3.279515e-17 &       1.340102e-13 &             5.181954e-06 &       5.341728e-01 \\
schreiber2018/cnn                   &                         1.017673e-19 &                      7.963477e-42 &            5.943154e-08 &         4.345927e-16 &              6.581773e-31 &      1.185989e-47 &       1.385120e-13 &               1.424026e-37 &           2.265107e-06 &             2.109268e-18 &             3.279515e-17 &       1.000000e+00 &       8.220055e-01 &             5.348115e-08 &       1.659464e-19 \\
schreiber2018/fcn                   &                         1.052718e-16 &                      1.561969e-32 &            5.847796e-07 &         7.648170e-15 &              3.050916e-25 &      7.044685e-36 &       6.325926e-12 &               1.359997e-33 &           3.355615e-06 &             1.519368e-14 &             1.340102e-13 &       8.220055e-01 &       1.000000e+00 &             7.265913e-06 &       6.240143e-16 \\
schreiber2018/ismir2018             &                         6.495796e-06 &                      3.966677e-23 &            3.646757e-01 &         1.577223e-05 &              1.930848e-18 &      4.198082e-31 &       1.712017e-04 &               4.271342e-21 &           5.818316e-01 &             9.106755e-07 &             5.181954e-06 &       5.348115e-08 &       7.265913e-06 &             1.000000e+00 &       2.982250e-07 \\
zplane/auftakt\_v3                   &                         6.396646e-01 &                      2.494125e-06 &            1.911892e-04 &         7.064527e-01 &              1.219629e-03 &      2.377619e-13 &       1.391108e-01 &               5.362351e-07 &           8.757871e-07 &             8.582562e-01 &             5.341728e-01 &       1.659464e-19 &       6.240143e-16 &             2.982250e-07 &       1.000000e+00 \\
\bottomrule
\end{tabular}
