\begin{tabular}{lrrrrrrrrrrrrrrrrrr}
\toprule
{} &  boeck2015/tempodetector2016\_default &  boeck2019/multi\_task &  boeck2019/multi\_task\_hjdb &  boeck2020/dar &  davies2009/mirex\_qm\_tempotracker &  echonest/version\_3\_2\_1 &  gkiokas2012/default &  klapuri2006/percival2014 &  oliveira2010/ibt &  percival2014/stem &  scheirer1998/percival2014 &  schreiber2014/default &  schreiber2017/ismir2017 &  schreiber2017/mirex2017 &  schreiber2018/cnn &  schreiber2018/fcn &  schreiber2018/ismir2018 &  zplane/auftakt\_v3 \\
Estimator                           &                                      &                       &                            &                &                                   &                         &                      &                           &                   &                    &                            &                        &                          &                          &                    &                    &                          &                    \\
\midrule
boeck2015/tempodetector2016\_default &                         1.000000e+00 &          1.640293e-02 &               7.384016e-02 &   3.322830e-25 &                      2.506559e-07 &            2.221904e-03 &         8.944158e-01 &              2.168016e-03 &      1.312388e-09 &       5.050466e-01 &               1.749797e-07 &           1.395606e-03 &             1.488175e-14 &             2.406348e-44 &       1.017673e-19 &       1.052718e-16 &             6.495796e-06 &       6.396646e-01 \\
boeck2019/multi\_task                &                         1.640293e-02 &          1.000000e+00 &               1.764058e-01 &   2.580634e-14 &                      1.065788e-13 &            3.636425e-01 &         1.789872e-02 &              1.247840e-09 &      1.104068e-19 &       7.225991e-02 &               6.854402e-16 &           1.407354e-01 &             1.471779e-09 &             1.346075e-39 &       6.391863e-11 &       2.368230e-09 &             4.968235e-02 &       1.943774e-03 \\
boeck2019/multi\_task\_hjdb           &                         7.384016e-02 &          1.764058e-01 &               1.000000e+00 &   2.181090e-16 &                      2.956394e-11 &            1.350515e-01 &         7.278410e-02 &              2.347041e-07 &      2.157306e-16 &       3.027081e-01 &               2.531036e-13 &           4.096378e-02 &             1.380387e-10 &             4.717364e-41 &       1.061803e-12 &       4.489032e-11 &             8.773236e-03 &       1.673139e-02 \\
boeck2020/dar                       &                         3.322830e-25 &          2.580634e-14 &               2.181090e-16 &   1.000000e+00 &                      2.454474e-42 &            4.978006e-10 &         2.288011e-17 &              3.892663e-32 &      3.856877e-46 &       1.165464e-15 &               1.353969e-40 &           9.947661e-09 &             5.554944e-02 &             2.169086e-11 &       2.548227e-01 &       2.104129e-01 &             5.034409e-09 &       5.185881e-22 \\
davies2009/mirex\_qm\_tempotracker    &                         2.506559e-07 &          1.065788e-13 &               2.956394e-11 &   2.454474e-42 &                      1.000000e+00 &            5.960743e-16 &         6.815317e-06 &              2.212048e-02 &      4.687353e-02 &       7.887717e-09 &               4.823581e-01 &           6.715072e-16 &             2.437453e-36 &             7.056712e-76 &       7.963477e-42 &       1.561969e-32 &             3.966677e-23 &       2.494125e-06 \\
echonest/version\_3\_2\_1              &                         2.221904e-03 &          3.636425e-01 &               1.350515e-01 &   4.978006e-10 &                      5.960743e-16 &            1.000000e+00 &         8.020257e-04 &              6.614058e-11 &      8.424475e-21 &       1.218626e-02 &               2.530043e-16 &           6.968239e-01 &             2.643496e-06 &             2.417014e-35 &       5.943154e-08 &       5.847796e-07 &             3.646757e-01 &       1.911892e-04 \\
gkiokas2012/default                 &                         8.944158e-01 &          1.789872e-02 &               7.278410e-02 &   2.288011e-17 &                      6.815317e-06 &            8.020257e-04 &         1.000000e+00 &              1.669548e-03 &      1.465270e-09 &       3.238147e-01 &               4.422997e-07 &           8.272683e-05 &             3.530967e-14 &             3.312845e-48 &       4.345927e-16 &       7.648170e-15 &             1.577223e-05 &       7.064527e-01 \\
klapuri2006/percival2014            &                         2.168016e-03 &          1.247840e-09 &               2.347041e-07 &   3.892663e-32 &                      2.212048e-02 &            6.614058e-11 &         1.669548e-03 &              1.000000e+00 &      2.977506e-06 &       9.584108e-08 &               8.434261e-03 &           2.658835e-15 &             1.052273e-30 &             5.743231e-69 &       6.581773e-31 &       3.050916e-25 &             1.930848e-18 &       1.219629e-03 \\
oliveira2010/ibt                    &                         1.312388e-09 &          1.104068e-19 &               2.157306e-16 &   3.856877e-46 &                      4.687353e-02 &            8.424475e-21 &         1.465270e-09 &              2.977506e-06 &      1.000000e+00 &       1.790100e-14 &               5.590474e-01 &           2.121522e-23 &             5.100762e-43 &             4.335330e-85 &       1.185989e-47 &       7.044685e-36 &             4.198082e-31 &       2.377619e-13 \\
percival2014/stem                   &                         5.050466e-01 &          7.225991e-02 &               3.027081e-01 &   1.165464e-15 &                      7.887717e-09 &            1.218626e-02 &         3.238147e-01 &              9.584108e-08 &      1.790100e-14 &       1.000000e+00 &               5.870628e-10 &           6.626462e-05 &             1.286910e-13 &             4.935231e-49 &       1.385120e-13 &       6.325926e-12 &             1.712017e-04 &       1.391108e-01 \\
scheirer1998/percival2014           &                         1.749797e-07 &          6.854402e-16 &               2.531036e-13 &   1.353969e-40 &                      4.823581e-01 &            2.530043e-16 &         4.422997e-07 &              8.434261e-03 &      5.590474e-01 &       5.870628e-10 &               1.000000e+00 &           5.050983e-20 &             5.561229e-35 &             6.099025e-78 &       1.424026e-37 &       1.359997e-33 &             4.271342e-21 &       5.362351e-07 \\
schreiber2014/default               &                         1.395606e-03 &          1.407354e-01 &               4.096378e-02 &   9.947661e-09 &                      6.715072e-16 &            6.968239e-01 &         8.272683e-05 &              2.658835e-15 &      2.121522e-23 &       6.626462e-05 &               5.050983e-20 &           1.000000e+00 &             2.498648e-06 &             1.311427e-36 &       2.265107e-06 &       3.355615e-06 &             5.818316e-01 &       8.757871e-07 \\
schreiber2017/ismir2017             &                         1.488175e-14 &          1.471779e-09 &               1.380387e-10 &   5.554944e-02 &                      2.437453e-36 &            2.643496e-06 &         3.530967e-14 &              1.052273e-30 &      5.100762e-43 &       1.286910e-13 &               5.561229e-35 &           2.498648e-06 &             1.000000e+00 &             7.991829e-24 &       3.870175e-01 &       5.128575e-01 &             6.246789e-05 &       3.216517e-18 \\
schreiber2017/mirex2017             &                         2.406348e-44 &          1.346075e-39 &               4.717364e-41 &   2.169086e-11 &                      7.056712e-76 &            2.417014e-35 &         3.312845e-48 &              5.743231e-69 &      4.335330e-85 &       4.935231e-49 &               6.099025e-78 &           1.311427e-36 &             7.991829e-24 &             1.000000e+00 &       7.358236e-15 &       2.646401e-15 &             1.132500e-31 &       1.553865e-54 \\
schreiber2018/cnn                   &                         1.017673e-19 &          6.391863e-11 &               1.061803e-12 &   2.548227e-01 &                      7.963477e-42 &            5.943154e-08 &         4.345927e-16 &              6.581773e-31 &      1.185989e-47 &       1.385120e-13 &               1.424026e-37 &           2.265107e-06 &             3.870175e-01 &             7.358236e-15 &       1.000000e+00 &       8.220055e-01 &             5.348115e-08 &       1.659464e-19 \\
schreiber2018/fcn                   &                         1.052718e-16 &          2.368230e-09 &               4.489032e-11 &   2.104129e-01 &                      1.561969e-32 &            5.847796e-07 &         7.648170e-15 &              3.050916e-25 &      7.044685e-36 &       6.325926e-12 &               1.359997e-33 &           3.355615e-06 &             5.128575e-01 &             2.646401e-15 &       8.220055e-01 &       1.000000e+00 &             7.265913e-06 &       6.240143e-16 \\
schreiber2018/ismir2018             &                         6.495796e-06 &          4.968235e-02 &               8.773236e-03 &   5.034409e-09 &                      3.966677e-23 &            3.646757e-01 &         1.577223e-05 &              1.930848e-18 &      4.198082e-31 &       1.712017e-04 &               4.271342e-21 &           5.818316e-01 &             6.246789e-05 &             1.132500e-31 &       5.348115e-08 &       7.265913e-06 &             1.000000e+00 &       2.982250e-07 \\
zplane/auftakt\_v3                   &                         6.396646e-01 &          1.943774e-03 &               1.673139e-02 &   5.185881e-22 &                      2.494125e-06 &            1.911892e-04 &         7.064527e-01 &              1.219629e-03 &      2.377619e-13 &       1.391108e-01 &               5.362351e-07 &           8.757871e-07 &             3.216517e-18 &             1.553865e-54 &       1.659464e-19 &       6.240143e-16 &             2.982250e-07 &       1.000000e+00 \\
\bottomrule
\end{tabular}
