\begin{tabular}{lrrrrrrrrrrrrrrrrrr}
\toprule
{} &  boeck2015/tempodetector2016\_default &  boeck2019/multi\_task &  boeck2019/multi\_task\_hjdb &  boeck2020/dar &  davies2009/mirex\_qm\_tempotracker &  echonest/version\_3\_2\_1 &  gkiokas2012/default &  klapuri2006/percival2014 &  oliveira2010/ibt &  percival2014/stem &  scheirer1998/percival2014 &  schreiber2014/default &  schreiber2017/ismir2017 &  schreiber2017/mirex2017 &  schreiber2018/cnn &  schreiber2018/fcn &  schreiber2018/ismir2018 &  zplane/auftakt\_v3 \\
Estimator                           &                                      &                       &                            &                &                                   &                         &                      &                           &                   &                    &                            &                        &                          &                          &                    &                    &                          &                    \\
\midrule
boeck2015/tempodetector2016\_default &                         1.000000e+00 &          8.917559e-01 &               6.936406e-01 &   8.842955e-02 &                      6.457883e-06 &            5.683941e-10 &         6.778086e-01 &              3.266255e-02 &      4.479375e-08 &       8.917559e-01 &               6.146705e-59 &           7.667650e-04 &             2.716792e-01 &             1.262895e-01 &       2.116086e-01 &       1.000000e+00 &             6.654658e-01 &       2.601615e-06 \\
boeck2019/multi\_task                &                         8.917559e-01 &          1.000000e+00 &               3.437500e-01 &   5.010246e-02 &                      3.655513e-06 &            1.008301e-10 &         6.515878e-01 &              2.481197e-02 &      2.282096e-08 &       1.000000e+00 &               2.618708e-57 &           5.703812e-05 &             2.220528e-01 &             6.142835e-02 &       1.324982e-01 &       1.000000e+00 &             6.654658e-01 &       8.055499e-09 \\
boeck2019/multi\_task\_hjdb           &                         6.936406e-01 &          3.437500e-01 &               1.000000e+00 &   7.000367e-03 &                      2.117749e-05 &            3.504828e-09 &         1.000000e+00 &              9.191105e-02 &      5.704512e-07 &       6.587381e-01 &               9.535080e-48 &           1.263559e-03 &             5.514843e-01 &             1.353099e-02 &       3.847731e-02 &       5.600646e-01 &             8.917559e-01 &       1.028994e-07 \\
boeck2020/dar                       &                         8.842955e-02 &          5.010246e-02 &               7.000367e-03 &   1.000000e+00 &                      6.676044e-10 &            2.264494e-17 &         9.041185e-03 &              3.305376e-05 &      7.242756e-13 &       5.010246e-02 &               3.869486e-68 &           5.805322e-09 &             7.528971e-04 &             1.000000e+00 &       8.555356e-01 &       8.953108e-02 &             1.385297e-02 &       5.632908e-13 \\
davies2009/mirex\_qm\_tempotracker    &                         6.457883e-06 &          3.655513e-06 &               2.117749e-05 &   6.676044e-10 &                      1.000000e+00 &            2.698732e-01 &         2.938961e-05 &              4.059783e-03 &      6.634215e-01 &       1.942648e-06 &               6.443394e-32 &           7.825502e-02 &             2.456105e-04 &             1.617953e-09 &       5.489868e-09 &       4.572733e-06 &             3.992397e-05 &       9.311589e-01 \\
echonest/version\_3\_2\_1              &                         5.683941e-10 &          1.008301e-10 &               3.504828e-09 &   2.264494e-17 &                      2.698732e-01 &            1.000000e+00 &         9.629777e-11 &              6.795346e-06 &      4.517043e-01 &       3.617781e-12 &               9.958830e-27 &           1.303794e-04 &             1.948238e-09 &             8.065094e-16 &       5.762324e-16 &       7.380354e-12 &             1.641548e-10 &       1.219167e-01 \\
gkiokas2012/default                 &                         6.778086e-01 &          6.515878e-01 &               1.000000e+00 &   9.041185e-03 &                      2.938961e-05 &            9.629777e-11 &         1.000000e+00 &              7.217744e-02 &      9.439858e-08 &       6.515878e-01 &               2.995519e-56 &           3.460011e-04 &             5.514843e-01 &             2.753316e-02 &       2.881672e-02 &       5.423840e-01 &             1.000000e+00 &       8.142667e-07 \\
klapuri2006/percival2014            &                         3.266255e-02 &          2.481197e-02 &               9.191105e-02 &   3.305376e-05 &                      4.059783e-03 &            6.795346e-06 &         7.217744e-02 &              1.000000e+00 &      1.607633e-04 &       1.634810e-02 &               1.199580e-42 &           2.530381e-01 &             2.203285e-01 &             2.386133e-05 &       1.136106e-04 &       2.246290e-02 &             6.744461e-02 &       7.667650e-04 \\
oliveira2010/ibt                    &                         4.479375e-08 &          2.282096e-08 &               5.704512e-07 &   7.242756e-13 &                      6.634215e-01 &            4.517043e-01 &         9.439858e-08 &              1.607633e-04 &      1.000000e+00 &       1.191523e-09 &               7.343376e-30 &           4.800929e-03 &             1.464098e-06 &             2.989903e-13 &       7.380354e-12 &       2.077988e-08 &             9.439858e-08 &       4.655122e-01 \\
percival2014/stem                   &                         8.917559e-01 &          1.000000e+00 &               6.587381e-01 &   5.010246e-02 &                      1.942648e-06 &            3.617781e-12 &         6.515878e-01 &              1.634810e-02 &      1.191523e-09 &       1.000000e+00 &               1.052773e-60 &           1.136106e-04 &             2.429602e-01 &             7.075555e-02 &       1.741711e-01 &       1.000000e+00 &             6.439690e-01 &       8.055499e-09 \\
scheirer1998/percival2014           &                         6.146705e-59 &          2.618708e-57 &               9.535080e-48 &   3.869486e-68 &                      6.443394e-32 &            9.958830e-27 &         2.995519e-56 &              1.199580e-42 &      7.343376e-30 &       1.052773e-60 &               1.000000e+00 &           1.443352e-39 &             6.261221e-55 &             1.235407e-68 &       4.508328e-64 &       1.332909e-61 &             2.995519e-56 &       1.086839e-32 \\
schreiber2014/default               &                         7.667650e-04 &          5.703812e-05 &               1.263559e-03 &   5.805322e-09 &                      7.825502e-02 &            1.303794e-04 &         3.460011e-04 &              2.530381e-01 &      4.800929e-03 &       1.136106e-04 &               1.443352e-39 &           1.000000e+00 &             8.797646e-05 &             1.955414e-11 &       4.003196e-08 &       9.247700e-06 &             4.697573e-04 &       2.041471e-02 \\
schreiber2017/ismir2017             &                         2.716792e-01 &          2.220528e-01 &               5.514843e-01 &   7.528971e-04 &                      2.456105e-04 &            1.948238e-09 &         5.514843e-01 &              2.203285e-01 &      1.464098e-06 &       2.429602e-01 &               6.261221e-55 &           8.797646e-05 &             1.000000e+00 &             1.096725e-05 &       3.377848e-03 &       1.641494e-01 &             5.327093e-01 &       4.588831e-07 \\
schreiber2017/mirex2017             &                         1.262895e-01 &          6.142835e-02 &               1.353099e-02 &   1.000000e+00 &                      1.617953e-09 &            8.065094e-16 &         2.753316e-02 &              2.386133e-05 &      2.989903e-13 &       7.075555e-02 &               1.235407e-68 &           1.955414e-11 &             1.096725e-05 &             1.000000e+00 &       1.000000e+00 &       9.873715e-02 &             2.007385e-02 &       1.332131e-13 \\
schreiber2018/cnn                   &                         2.116086e-01 &          1.324982e-01 &               3.847731e-02 &   8.555356e-01 &                      5.489868e-09 &            5.762324e-16 &         2.881672e-02 &              1.136106e-04 &      7.380354e-12 &       1.741711e-01 &               4.508328e-64 &           4.003196e-08 &             3.377848e-03 &             1.000000e+00 &       1.000000e+00 &       1.220781e-01 &             2.006161e-02 &       4.107912e-11 \\
schreiber2018/fcn                   &                         1.000000e+00 &          1.000000e+00 &               5.600646e-01 &   8.953108e-02 &                      4.572733e-06 &            7.380354e-12 &         5.423840e-01 &              2.246290e-02 &      2.077988e-08 &       1.000000e+00 &               1.332909e-61 &           9.247700e-06 &             1.641494e-01 &             9.873715e-02 &       1.220781e-01 &       1.000000e+00 &             5.113758e-01 &       8.412315e-08 \\
schreiber2018/ismir2018             &                         6.654658e-01 &          6.654658e-01 &               8.917559e-01 &   1.385297e-02 &                      3.992397e-05 &            1.641548e-10 &         1.000000e+00 &              6.744461e-02 &      9.439858e-08 &       6.439690e-01 &               2.995519e-56 &           4.697573e-04 &             5.327093e-01 &             2.007385e-02 &       2.006161e-02 &       5.113758e-01 &             1.000000e+00 &       2.879391e-06 \\
zplane/auftakt\_v3                   &                         2.601615e-06 &          8.055499e-09 &               1.028994e-07 &   5.632908e-13 &                      9.311589e-01 &            1.219167e-01 &         8.142667e-07 &              7.667650e-04 &      4.655122e-01 &       8.055499e-09 &               1.086839e-32 &           2.041471e-02 &             4.588831e-07 &             1.332131e-13 &       4.107912e-11 &       8.412315e-08 &             2.879391e-06 &       1.000000e+00 \\
\bottomrule
\end{tabular}
