\begin{tabular}{lrrrrrrrrrrrrrrr}
\toprule
{} &  boeck2015/tempodetector2016\_default &  davies2009/mirex\_qm\_tempotracker &  echonest/version\_3\_2\_1 &  gkiokas2012/default &  klapuri2006/percival2014 &  oliveira2010/ibt &  percival2014/stem &  scheirer1998/percival2014 &  schreiber2014/default &  schreiber2017/ismir2017 &  schreiber2017/mirex2017 &  schreiber2018/cnn &  schreiber2018/fcn &  schreiber2018/ismir2018 &  zplane/auftakt\_v3 \\
Estimator                           &                                      &                                   &                         &                      &                           &                   &                    &                            &                        &                          &                          &                    &                    &                          &                    \\
\midrule
boeck2015/tempodetector2016\_default &                         1.000000e+00 &                      5.489275e-10 &            5.030014e-01 &         6.796850e-02 &              8.972969e-06 &      3.410300e-15 &       2.657094e-01 &               6.777150e-34 &           6.702557e-01 &             1.403942e-01 &             1.900110e-01 &       4.571364e-13 &       4.262192e-12 &             5.720312e-03 &       3.108312e-03 \\
davies2009/mirex\_qm\_tempotracker    &                         5.489275e-10 &                      1.000000e+00 &            6.193340e-08 &         9.539559e-05 &              7.267037e-02 &      3.800068e-03 &       6.575192e-07 &               1.007391e-13 &           2.822679e-10 &             2.696593e-07 &             1.019106e-07 &       5.847793e-36 &       4.517194e-29 &             1.348539e-19 &       2.549985e-03 \\
echonest/version\_3\_2\_1              &                         5.030014e-01 &                      6.193340e-08 &            1.000000e+00 &         2.359785e-01 &              7.172080e-05 &      5.443492e-14 &       6.490343e-01 &               2.651518e-30 &           2.143266e-01 &             4.559084e-01 &             5.656397e-01 &       3.728604e-14 &       1.200053e-12 &             7.117411e-04 &       1.723754e-02 \\
gkiokas2012/default                 &                         6.796850e-02 &                      9.539559e-05 &            2.359785e-01 &         1.000000e+00 &              6.839778e-03 &      1.045659e-09 &       4.541348e-01 &               8.867347e-27 &           8.376641e-03 &             6.767926e-01 &             5.479454e-01 &       9.073636e-17 &       7.032301e-16 &             2.785000e-06 &       2.410282e-01 \\
klapuri2006/percival2014            &                         8.972969e-06 &                      7.267037e-02 &            7.172080e-05 &         6.839778e-03 &              1.000000e+00 &      8.094646e-07 &       5.744712e-06 &               7.791185e-19 &           1.419700e-09 &             8.545197e-05 &             2.980759e-05 &       7.758685e-29 &       3.261904e-24 &             2.538154e-17 &       8.987585e-02 \\
oliveira2010/ibt                    &                         3.410300e-15 &                      3.800068e-03 &            5.443492e-14 &         1.045659e-09 &              8.094646e-07 &      1.000000e+00 &       1.562516e-13 &               6.361623e-08 &           2.384945e-18 &             1.906831e-19 &             3.109238e-20 &       1.604783e-44 &       1.291355e-35 &             5.693011e-30 &       7.317086e-10 \\
percival2014/stem                   &                         2.657094e-01 &                      6.575192e-07 &            6.490343e-01 &         4.541348e-01 &              5.744712e-06 &      1.562516e-13 &       1.000000e+00 &               2.403611e-30 &           2.101626e-02 &             8.029639e-01 &             9.497712e-01 &       1.525946e-14 &       4.710719e-13 &             1.984153e-05 &       3.612638e-02 \\
scheirer1998/percival2014           &                         6.777150e-34 &                      1.007391e-13 &            2.651518e-30 &         8.867347e-27 &              7.791185e-19 &      6.361623e-08 &       2.403611e-30 &               1.000000e+00 &           9.390601e-37 &             1.294981e-29 &             2.216309e-30 &       9.766096e-65 &       2.709609e-60 &             4.244448e-46 &       3.997845e-22 \\
schreiber2014/default               &                         6.702557e-01 &                      2.822679e-10 &            2.143266e-01 &         8.376641e-03 &              1.419700e-09 &      2.384945e-18 &       2.101626e-02 &               9.390601e-37 &           1.000000e+00 &             2.445623e-02 &             3.927431e-02 &       9.124084e-10 &       8.266739e-10 &             2.342389e-02 &       1.395277e-05 \\
schreiber2017/ismir2017             &                         1.403942e-01 &                      2.696593e-07 &            4.559084e-01 &         6.767926e-01 &              8.545197e-05 &      1.906831e-19 &       8.029639e-01 &               1.294981e-29 &           2.445623e-02 &             1.000000e+00 &             5.810547e-01 &       5.830338e-17 &       1.073686e-13 &             5.371600e-06 &       7.363827e-02 \\
schreiber2017/mirex2017             &                         1.900110e-01 &                      1.019106e-07 &            5.656397e-01 &         5.479454e-01 &              2.980759e-05 &      3.109238e-20 &       9.497712e-01 &               2.216309e-30 &           3.927431e-02 &             5.810547e-01 &             1.000000e+00 &       1.423017e-16 &       2.442246e-13 &             9.884400e-06 &       4.809955e-02 \\
schreiber2018/cnn                   &                         4.571364e-13 &                      5.847793e-36 &            3.728604e-14 &         9.073636e-17 &              7.758685e-29 &      1.604783e-44 &       1.525946e-14 &               9.766096e-65 &           9.124084e-10 &             5.830338e-17 &             1.423017e-16 &       1.000000e+00 &       9.361863e-01 &             2.351457e-07 &       1.140776e-22 \\
schreiber2018/fcn                   &                         4.262192e-12 &                      4.517194e-29 &            1.200053e-12 &         7.032301e-16 &              3.261904e-24 &      1.291355e-35 &       4.710719e-13 &               2.709609e-60 &           8.266739e-10 &             1.073686e-13 &             2.442246e-13 &       9.361863e-01 &       1.000000e+00 &             6.576950e-06 &       5.231054e-19 \\
schreiber2018/ismir2018             &                         5.720312e-03 &                      1.348539e-19 &            7.117411e-04 &         2.785000e-06 &              2.538154e-17 &      5.693011e-30 &       1.984153e-05 &               4.244448e-46 &           2.342389e-02 &             5.371600e-06 &             9.884400e-06 &       2.351457e-07 &       6.576950e-06 &             1.000000e+00 &       5.281706e-10 \\
zplane/auftakt\_v3                   &                         3.108312e-03 &                      2.549985e-03 &            1.723754e-02 &         2.410282e-01 &              8.987585e-02 &      7.317086e-10 &       3.612638e-02 &               3.997845e-22 &           1.395277e-05 &             7.363827e-02 &             4.809955e-02 &       1.140776e-22 &       5.231054e-19 &             5.281706e-10 &       1.000000e+00 \\
\bottomrule
\end{tabular}
