\begin{tabular}{lrrrrrrrrrrrrrrrrrr}
\toprule
{} &  boeck2015/tempodetector2016\_default &  boeck2019/multi\_task &  boeck2019/multi\_task\_hjdb &  boeck2020/dar &  davies2009/mirex\_qm\_tempotracker &  echonest/version\_3\_2\_1 &  gkiokas2012/default &  klapuri2006/percival2014 &  oliveira2010/ibt &  percival2014/stem &  scheirer1998/percival2014 &  schreiber2014/default &  schreiber2017/ismir2017 &  schreiber2017/mirex2017 &  schreiber2018/cnn &  schreiber2018/fcn &  schreiber2018/ismir2018 &  zplane/auftakt\_v3 \\
Estimator                           &                                      &                       &                            &                &                                   &                         &                      &                           &                   &                    &                            &                        &                          &                          &                    &                    &                          &                    \\
\midrule
boeck2015/tempodetector2016\_default &                         1.000000e+00 &          5.435478e-01 &               1.000000e+00 &   1.107997e-20 &                      5.489275e-10 &            5.030014e-01 &         6.796850e-02 &              8.972969e-06 &      3.410300e-15 &       2.657094e-01 &               6.777150e-34 &           6.702557e-01 &             1.665497e-08 &             2.128324e-34 &       4.571364e-13 &       4.262192e-12 &             5.720312e-03 &       3.108312e-03 \\
boeck2019/multi\_task                &                         5.435478e-01 &          1.000000e+00 &               1.550019e-01 &   4.072914e-17 &                      6.399153e-12 &            1.900110e-01 &         1.241933e-02 &              9.161770e-09 &      4.247431e-19 &       3.684749e-02 &               1.449470e-37 &           9.455002e-01 &             1.673408e-08 &             3.702120e-41 &       1.387882e-10 &       2.373448e-09 &             4.007014e-02 &       4.706678e-05 \\
boeck2019/multi\_task\_hjdb           &                         1.000000e+00 &          1.550019e-01 &               1.000000e+00 &   1.020772e-19 &                      1.752592e-09 &            5.411260e-01 &         6.759444e-02 &              2.135427e-06 &      6.160369e-16 &       2.294862e-01 &               7.455242e-34 &           5.692136e-01 &             1.205345e-09 &             8.404136e-38 &       1.194139e-12 &       2.771359e-11 &             4.756347e-03 &       1.176382e-03 \\
boeck2020/dar                       &                         1.107997e-20 &          4.072914e-17 &               1.020772e-19 &   1.000000e+00 &                      1.835123e-40 &            5.399660e-20 &         5.370810e-22 &              3.007459e-34 &      8.091682e-48 &       2.909392e-20 &               4.819564e-71 &           5.765144e-16 &             9.291257e-04 &             7.259972e-08 &       3.500109e-02 &       3.065424e-02 &             4.486064e-11 &       3.278194e-29 \\
davies2009/mirex\_qm\_tempotracker    &                         5.489275e-10 &          6.399153e-12 &               1.752592e-09 &   1.835123e-40 &                      1.000000e+00 &            6.193340e-08 &         9.539559e-05 &              7.267037e-02 &      3.800068e-03 &       6.575192e-07 &               1.007391e-13 &           2.822679e-10 &             5.406567e-30 &             1.153920e-76 &       5.847793e-36 &       4.517194e-29 &             1.348539e-19 &       2.549985e-03 \\
echonest/version\_3\_2\_1              &                         5.030014e-01 &          1.900110e-01 &               5.411260e-01 &   5.399660e-20 &                      6.193340e-08 &            1.000000e+00 &         2.359785e-01 &              7.172080e-05 &      5.443492e-14 &       6.490343e-01 &               2.651518e-30 &           2.143266e-01 &             6.217047e-11 &             3.113423e-39 &       3.728604e-14 &       1.200053e-12 &             7.117411e-04 &       1.723754e-02 \\
gkiokas2012/default                 &                         6.796850e-02 &          1.241933e-02 &               6.759444e-02 &   5.370810e-22 &                      9.539559e-05 &            2.359785e-01 &         1.000000e+00 &              6.839778e-03 &      1.045659e-09 &       4.541348e-01 &               8.867347e-27 &           8.376641e-03 &             2.646458e-13 &             4.414733e-44 &       9.073636e-17 &       7.032301e-16 &             2.785000e-06 &       2.410282e-01 \\
klapuri2006/percival2014            &                         8.972969e-06 &          9.161770e-09 &               2.135427e-06 &   3.007459e-34 &                      7.267037e-02 &            7.172080e-05 &         6.839778e-03 &              1.000000e+00 &      8.094646e-07 &       5.744712e-06 &               7.791185e-19 &           1.419700e-09 &             1.149277e-26 &             2.938137e-72 &       7.758685e-29 &       3.261904e-24 &             2.538154e-17 &       8.987585e-02 \\
oliveira2010/ibt                    &                         3.410300e-15 &          4.247431e-19 &               6.160369e-16 &   8.091682e-48 &                      3.800068e-03 &            5.443492e-14 &         1.045659e-09 &              8.094646e-07 &      1.000000e+00 &       1.562516e-13 &               6.361623e-08 &           2.384945e-18 &             2.166066e-38 &             4.329442e-88 &       1.604783e-44 &       1.291355e-35 &             5.693011e-30 &       7.317086e-10 \\
percival2014/stem                   &                         2.657094e-01 &          3.684749e-02 &               2.294862e-01 &   2.909392e-20 &                      6.575192e-07 &            6.490343e-01 &         4.541348e-01 &              5.744712e-06 &      1.562516e-13 &       1.000000e+00 &               2.403611e-30 &           2.101626e-02 &             4.686826e-13 &             7.692580e-53 &       1.525946e-14 &       4.710719e-13 &             1.984153e-05 &       3.612638e-02 \\
scheirer1998/percival2014           &                         6.777150e-34 &          1.449470e-37 &               7.455242e-34 &   4.819564e-71 &                      1.007391e-13 &            2.651518e-30 &         8.867347e-27 &              7.791185e-19 &      6.361623e-08 &       2.403611e-30 &               1.000000e+00 &           9.390601e-37 &             2.191548e-59 &            3.169604e-118 &       9.766096e-65 &       2.709609e-60 &             4.244448e-46 &       3.997845e-22 \\
schreiber2014/default               &                         6.702557e-01 &          9.455002e-01 &               5.692136e-01 &   5.765144e-16 &                      2.822679e-10 &            2.143266e-01 &         8.376641e-03 &              1.419700e-09 &      2.384945e-18 &       2.101626e-02 &               9.390601e-37 &           1.000000e+00 &             1.347620e-09 &             1.240318e-45 &       9.124084e-10 &       8.266739e-10 &             2.342389e-02 &       1.395277e-05 \\
schreiber2017/ismir2017             &                         1.665497e-08 &          1.673408e-08 &               1.205345e-09 &   9.291257e-04 &                      5.406567e-30 &            6.217047e-11 &         2.646458e-13 &              1.149277e-26 &      2.166066e-38 &       4.686826e-13 &               2.191548e-59 &           1.347620e-09 &             1.000000e+00 &             3.433144e-26 &       2.019604e-01 &       2.567065e-01 &             7.100757e-04 &       4.020770e-20 \\
schreiber2017/mirex2017             &                         2.128324e-34 &          3.702120e-41 &               8.404136e-38 &   7.259972e-08 &                      1.153920e-76 &            3.113423e-39 &         4.414733e-44 &              2.938137e-72 &      4.329442e-88 &       7.692580e-53 &              3.169604e-118 &           1.240318e-45 &             3.433144e-26 &             1.000000e+00 &       7.695639e-13 &       2.617799e-13 &             1.516199e-27 &       1.861313e-61 \\
schreiber2018/cnn                   &                         4.571364e-13 &          1.387882e-10 &               1.194139e-12 &   3.500109e-02 &                      5.847793e-36 &            3.728604e-14 &         9.073636e-17 &              7.758685e-29 &      1.604783e-44 &       1.525946e-14 &               9.766096e-65 &           9.124084e-10 &             2.019604e-01 &             7.695639e-13 &       1.000000e+00 &       9.361863e-01 &             2.351457e-07 &       1.140776e-22 \\
schreiber2018/fcn                   &                         4.262192e-12 &          2.373448e-09 &               2.771359e-11 &   3.065424e-02 &                      4.517194e-29 &            1.200053e-12 &         7.032301e-16 &              3.261904e-24 &      1.291355e-35 &       4.710719e-13 &               2.709609e-60 &           8.266739e-10 &             2.567065e-01 &             2.617799e-13 &       9.361863e-01 &       1.000000e+00 &             6.576950e-06 &       5.231054e-19 \\
schreiber2018/ismir2018             &                         5.720312e-03 &          4.007014e-02 &               4.756347e-03 &   4.486064e-11 &                      1.348539e-19 &            7.117411e-04 &         2.785000e-06 &              2.538154e-17 &      5.693011e-30 &       1.984153e-05 &               4.244448e-46 &           2.342389e-02 &             7.100757e-04 &             1.516199e-27 &       2.351457e-07 &       6.576950e-06 &             1.000000e+00 &       5.281706e-10 \\
zplane/auftakt\_v3                   &                         3.108312e-03 &          4.706678e-05 &               1.176382e-03 &   3.278194e-29 &                      2.549985e-03 &            1.723754e-02 &         2.410282e-01 &              8.987585e-02 &      7.317086e-10 &       3.612638e-02 &               3.997845e-22 &           1.395277e-05 &             4.020770e-20 &             1.861313e-61 &       1.140776e-22 &       5.231054e-19 &             5.281706e-10 &       1.000000e+00 \\
\bottomrule
\end{tabular}
