\begin{tabular}{lrrrrrrrrrrrrrrrrr}
\toprule
{} &  boeck2015/tempodetector2016\_default &  boeck2019/multi\_task &  boeck2019/multi\_task\_hjdb &  davies2009/mirex\_qm\_tempotracker &  echonest/version\_3\_2\_1 &  gkiokas2012/default &  klapuri2006/percival2014 &  oliveira2010/ibt &  percival2014/stem &  scheirer1998/percival2014 &  schreiber2014/default &  schreiber2017/ismir2017 &  schreiber2017/mirex2017 &  schreiber2018/cnn &  schreiber2018/fcn &  schreiber2018/ismir2018 &  zplane/auftakt\_v3 \\
Estimator                           &                                      &                       &                            &                                   &                         &                      &                           &                   &                    &                            &                        &                          &                          &                    &                    &                          &                    \\
\midrule
boeck2015/tempodetector2016\_default &                         1.000000e+00 &          4.684202e-01 &               2.677578e-01 &                      9.970480e-29 &            9.552846e-02 &         9.252376e-02 &              7.843589e-01 &      4.103417e-01 &       7.646727e-01 &               3.676147e-15 &           3.316586e-07 &             8.782347e-03 &             8.996876e-01 &       9.844517e-01 &       2.850378e-01 &             1.337749e-02 &       8.121871e-04 \\
boeck2019/multi\_task                &                         4.684202e-01 &          1.000000e+00 &               4.163524e-01 &                      3.727403e-23 &            2.446860e-02 &         2.012398e-02 &              3.980778e-01 &      2.037945e-01 &       6.497814e-01 &               6.331949e-14 &           1.915812e-09 &             2.999349e-03 &             4.887253e-01 &       3.942747e-01 &       5.616705e-02 &             4.113616e-03 &       5.399719e-05 \\
boeck2019/multi\_task\_hjdb           &                         2.677578e-01 &          4.163524e-01 &               1.000000e+00 &                      4.716673e-21 &            1.201519e-02 &         1.320849e-02 &              2.352683e-01 &      1.098862e-01 &       3.874003e-01 &               5.752247e-13 &           3.453772e-09 &             1.482825e-03 &             2.814159e-01 &       2.079176e-01 &       2.694167e-02 &             1.763141e-03 &       1.521517e-05 \\
davies2009/mirex\_qm\_tempotracker    &                         9.970480e-29 &          3.727403e-23 &               4.716673e-21 &                      1.000000e+00 &            3.613116e-22 &         9.702204e-35 &              5.051544e-33 &      8.792010e-29 &       2.617905e-26 &               8.075641e-02 &           3.519600e-43 &             1.487926e-31 &             1.660737e-30 &       1.042675e-29 &       2.794871e-31 &             4.060685e-38 &       2.054875e-29 \\
echonest/version\_3\_2\_1              &                         9.552846e-02 &          2.446860e-02 &               1.201519e-02 &                      3.613116e-22 &            1.000000e+00 &         6.049897e-01 &              1.602126e-01 &      4.190439e-01 &       6.271132e-02 &               3.103402e-15 &           9.564621e-03 &             9.496180e-01 &             8.473862e-02 &       9.420211e-02 &       3.147448e-01 &             9.694939e-01 &       1.217635e-01 \\
gkiokas2012/default                 &                         9.252376e-02 &          2.012398e-02 &               1.320849e-02 &                      9.702204e-35 &            6.049897e-01 &         1.000000e+00 &              1.796847e-01 &      6.698664e-01 &       3.633744e-02 &               5.988004e-17 &           5.377450e-06 &             4.085345e-01 &             6.875163e-02 &       6.345380e-02 &       4.786335e-01 &             3.920375e-01 &       2.464113e-02 \\
klapuri2006/percival2014            &                         7.843589e-01 &          3.980778e-01 &               2.352683e-01 &                      5.051544e-33 &            1.602126e-01 &         1.796847e-01 &              1.000000e+00 &      4.952866e-01 &       6.074783e-01 &               2.303659e-14 &           3.384133e-07 &             5.405991e-02 &             7.113831e-01 &       7.862652e-01 &       5.353578e-01 &             6.169569e-02 &       1.278519e-03 \\
oliveira2010/ibt                    &                         4.103417e-01 &          2.037945e-01 &               1.098862e-01 &                      8.792010e-29 &            4.190439e-01 &         6.698664e-01 &              4.952866e-01 &      1.000000e+00 &       3.199524e-01 &               2.427336e-14 &           1.306378e-04 &             3.090751e-01 &             3.850094e-01 &       4.419325e-01 &       9.495103e-01 &             3.550569e-01 &       1.039042e-02 \\
percival2014/stem                   &                         7.646727e-01 &          6.497814e-01 &               3.874003e-01 &                      2.617905e-26 &            6.271132e-02 &         3.633744e-02 &              6.074783e-01 &      3.199524e-01 &       1.000000e+00 &               7.575764e-15 &           2.577674e-08 &             5.769301e-03 &             7.998538e-01 &       6.923595e-01 &       1.093856e-01 &             2.344805e-03 &       1.216511e-04 \\
scheirer1998/percival2014           &                         3.676147e-15 &          6.331949e-14 &               5.752247e-13 &                      8.075641e-02 &            3.103402e-15 &         5.988004e-17 &              2.303659e-14 &      2.427336e-14 &       7.575764e-15 &               1.000000e+00 &           1.578921e-23 &             1.257888e-17 &             2.426496e-15 &       6.140727e-15 &       1.940850e-16 &             1.833200e-18 &       1.431695e-19 \\
schreiber2014/default               &                         3.316586e-07 &          1.915812e-09 &               3.453772e-09 &                      3.519600e-43 &            9.564621e-03 &         5.377450e-06 &              3.384133e-07 &      1.306378e-04 &       2.577674e-08 &               1.578921e-23 &           1.000000e+00 &             9.235782e-05 &             4.205146e-09 &       3.598553e-08 &       1.311956e-06 &             1.949610e-04 &       3.381487e-01 \\
schreiber2017/ismir2017             &                         8.782347e-03 &          2.999349e-03 &               1.482825e-03 &                      1.487926e-31 &            9.496180e-01 &         4.085345e-01 &              5.405991e-02 &      3.090751e-01 &       5.769301e-03 &               1.257888e-17 &           9.235782e-05 &             1.000000e+00 &             1.073773e-03 &       7.642571e-03 &       1.226953e-01 &             8.863693e-01 &       6.668990e-02 \\
schreiber2017/mirex2017             &                         8.996876e-01 &          4.887253e-01 &               2.814159e-01 &                      1.660737e-30 &            8.473862e-02 &         6.875163e-02 &              7.113831e-01 &      3.850094e-01 &       7.998538e-01 &               2.426496e-15 &           4.205146e-09 &             1.073773e-03 &             1.000000e+00 &       8.536035e-01 &       1.150833e-01 &             7.720282e-03 &       3.854973e-04 \\
schreiber2018/cnn                   &                         9.844517e-01 &          3.942747e-01 &               2.079176e-01 &                      1.042675e-29 &            9.420211e-02 &         6.345380e-02 &              7.862652e-01 &      4.419325e-01 &       6.923595e-01 &               6.140727e-15 &           3.598553e-08 &             7.642571e-03 &             8.536035e-01 &       1.000000e+00 &       8.962050e-02 &             7.907065e-03 &       4.526626e-04 \\
schreiber2018/fcn                   &                         2.850378e-01 &          5.616705e-02 &               2.694167e-02 &                      2.794871e-31 &            3.147448e-01 &         4.786335e-01 &              5.353578e-01 &      9.495103e-01 &       1.093856e-01 &               1.940850e-16 &           1.311956e-06 &             1.226953e-01 &             1.150833e-01 &       8.962050e-02 &       1.000000e+00 &             1.332951e-01 &       5.200268e-03 \\
schreiber2018/ismir2018             &                         1.337749e-02 &          4.113616e-03 &               1.763141e-03 &                      4.060685e-38 &            9.694939e-01 &         3.920375e-01 &              6.169569e-02 &      3.550569e-01 &       2.344805e-03 &               1.833200e-18 &           1.949610e-04 &             8.863693e-01 &             7.720282e-03 &       7.907065e-03 &       1.332951e-01 &             1.000000e+00 &       6.958682e-02 \\
zplane/auftakt\_v3                   &                         8.121871e-04 &          5.399719e-05 &               1.521517e-05 &                      2.054875e-29 &            1.217635e-01 &         2.464113e-02 &              1.278519e-03 &      1.039042e-02 &       1.216511e-04 &               1.431695e-19 &           3.381487e-01 &             6.668990e-02 &             3.854973e-04 &       4.526626e-04 &       5.200268e-03 &             6.958682e-02 &       1.000000e+00 \\
\bottomrule
\end{tabular}
