\begin{tabular}{lrrrrrrrrrrrrrrrrrr}
\toprule
{} &  boeck2015/tempodetector2016\_default &  boeck2019/multi\_task &  boeck2019/multi\_task\_hjdb &  boeck2020/dar &  davies2009/mirex\_qm\_tempotracker &  echonest/version\_3\_2\_1 &  gkiokas2012/default &  klapuri2006/percival2014 &  oliveira2010/ibt &  percival2014/stem &  scheirer1998/percival2014 &  schreiber2014/default &  schreiber2017/ismir2017 &  schreiber2017/mirex2017 &  schreiber2018/cnn &  schreiber2018/fcn &  schreiber2018/ismir2018 &  zplane/auftakt\_v3 \\
Estimator                           &                                      &                       &                            &                &                                   &                         &                      &                           &                   &                    &                            &                        &                          &                          &                    &                    &                          &                    \\
\midrule
boeck2015/tempodetector2016\_default &                         1.000000e+00 &          7.217210e-01 &               8.501633e-01 &   4.831440e-04 &                      2.555237e-10 &            1.500316e-07 &         9.721946e-01 &              2.552507e-01 &      3.274523e-08 &       1.165122e-01 &               8.034754e-35 &           3.601814e-03 &             4.346433e-01 &             3.048498e-04 &       7.829736e-03 &       2.086453e-01 &             8.691768e-01 &       1.138436e-06 \\
boeck2019/multi\_task                &                         7.217210e-01 &          1.000000e+00 &               3.124441e-01 &   1.478546e-03 &                      1.863679e-10 &            2.441148e-08 &         7.345814e-01 &              1.656996e-01 &      3.750777e-08 &       1.753735e-01 &               4.424593e-34 &           7.014815e-04 &             3.078613e-01 &             2.941939e-03 &       1.249518e-02 &       3.208038e-01 &             8.276232e-01 &       6.679818e-08 \\
boeck2019/multi\_task\_hjdb           &                         8.501633e-01 &          3.124441e-01 &               1.000000e+00 &   1.641108e-04 &                      7.701666e-09 &            4.608128e-07 &         8.276719e-01 &              3.860405e-01 &      3.960022e-07 &       8.056059e-02 &               2.359373e-33 &           4.981972e-03 &             5.966000e-01 &             4.200153e-04 &       3.226466e-03 &       1.287570e-01 &             7.469920e-01 &       4.198476e-07 \\
boeck2020/dar                       &                         4.831440e-04 &          1.478546e-03 &               1.641108e-04 &   1.000000e+00 &                      6.489872e-21 &            2.144108e-15 &         1.982000e-03 &              1.507541e-05 &      1.293160e-15 &       6.311241e-02 &               1.883292e-42 &           1.908234e-08 &             1.113643e-04 &             8.028327e-01 &       4.661055e-01 &       2.049300e-02 &             1.068040e-03 &       3.888016e-13 \\
davies2009/mirex\_qm\_tempotracker    &                         2.555237e-10 &          1.863679e-10 &               7.701666e-09 &   6.489872e-21 &                      1.000000e+00 &            6.021586e-01 &         2.331619e-09 &              1.045077e-08 &      4.540026e-01 &       1.764789e-14 &               5.682486e-19 &           2.858998e-03 &             2.045484e-07 &             6.649985e-20 &       3.096021e-17 &       4.642992e-13 &             5.212683e-10 &       5.308940e-01 \\
echonest/version\_3\_2\_1              &                         1.500316e-07 &          2.441148e-08 &               4.608128e-07 &   2.144108e-15 &                      6.021586e-01 &            1.000000e+00 &         7.269408e-09 &              3.199374e-06 &      8.885360e-01 &       1.216676e-12 &               3.336669e-18 &           1.314151e-03 &             2.272646e-08 &             6.526367e-16 &       4.931146e-14 &       1.487116e-11 &             1.944773e-08 &       8.916159e-01 \\
gkiokas2012/default                 &                         9.721946e-01 &          7.345814e-01 &               8.276719e-01 &   1.982000e-03 &                      2.331619e-09 &            7.269408e-09 &         1.000000e+00 &              2.317117e-01 &      5.198037e-08 &       8.978083e-02 &               1.314427e-34 &           8.096907e-04 &             4.282028e-01 &             1.930140e-03 &       5.240136e-03 &       1.812344e-01 &             8.989929e-01 &       2.986164e-07 \\
klapuri2006/percival2014            &                         2.552507e-01 &          1.656996e-01 &               3.860405e-01 &   1.507541e-05 &                      1.045077e-08 &            3.199374e-06 &         2.317117e-01 &              1.000000e+00 &      1.176372e-07 &       5.306171e-03 &               1.261364e-31 &           5.110894e-02 &             6.882820e-01 &             2.849516e-05 &       1.468257e-04 &       1.978920e-02 &             2.004270e-01 &       8.113998e-06 \\
oliveira2010/ibt                    &                         3.274523e-08 &          3.750777e-08 &               3.960022e-07 &   1.293160e-15 &                      4.540026e-01 &            8.885360e-01 &         5.198037e-08 &              1.176372e-07 &      1.000000e+00 &       2.833576e-12 &               6.258980e-20 &           4.338920e-03 &             8.145040e-07 &             1.163089e-16 &       4.662799e-14 &       7.598503e-10 &             1.702912e-08 &       9.999741e-01 \\
percival2014/stem                   &                         1.165122e-01 &          1.753735e-01 &               8.056059e-02 &   6.311241e-02 &                      1.764789e-14 &            1.216676e-12 &         8.978083e-02 &              5.306171e-03 &      2.833576e-12 &       1.000000e+00 &               1.905316e-37 &           6.145198e-06 &             2.662687e-02 &             6.082954e-02 &       2.646816e-01 &       6.958788e-01 &             9.067932e-02 &       7.111583e-11 \\
scheirer1998/percival2014           &                         8.034754e-35 &          4.424593e-34 &               2.359373e-33 &   1.883292e-42 &                      5.682486e-19 &            3.336669e-18 &         1.314427e-34 &              1.261364e-31 &      6.258980e-20 &       1.905316e-37 &               1.000000e+00 &           1.588210e-26 &             1.247617e-32 &             3.833892e-43 &       2.505777e-40 &       7.965079e-38 &             2.583359e-34 &       5.263031e-19 \\
schreiber2014/default               &                         3.601814e-03 &          7.014815e-04 &               4.981972e-03 &   1.908234e-08 &                      2.858998e-03 &            1.314151e-03 &         8.096907e-04 &              5.110894e-02 &      4.338920e-03 &       6.145198e-06 &               1.588210e-26 &           1.000000e+00 &             7.295392e-04 &             9.981964e-10 &       1.000324e-07 &       5.682238e-06 &             4.436857e-04 &       3.140958e-03 \\
schreiber2017/ismir2017             &                         4.346433e-01 &          3.078613e-01 &               5.966000e-01 &   1.113643e-04 &                      2.045484e-07 &            2.272646e-08 &         4.282028e-01 &              6.882820e-01 &      8.145040e-07 &       2.662687e-02 &               1.247617e-32 &           7.295392e-04 &             1.000000e+00 &             9.086199e-06 &       5.595593e-04 &       3.350404e-02 &             3.211233e-01 &       5.575302e-07 \\
schreiber2017/mirex2017             &                         3.048498e-04 &          2.941939e-03 &               4.200153e-04 &   8.028327e-01 &                      6.649985e-20 &            6.526367e-16 &         1.930140e-03 &              2.849516e-05 &      1.163089e-16 &       6.082954e-02 &               3.833892e-43 &           9.981964e-10 &             9.086199e-06 &             1.000000e+00 &       4.118273e-01 &       1.898381e-02 &             7.631010e-04 &       1.461176e-13 \\
schreiber2018/cnn                   &                         7.829736e-03 &          1.249518e-02 &               3.226466e-03 &   4.661055e-01 &                      3.096021e-17 &            4.931146e-14 &         5.240136e-03 &              1.468257e-04 &      4.662799e-14 &       2.646816e-01 &               2.505777e-40 &           1.000324e-07 &             5.595593e-04 &             4.118273e-01 &       1.000000e+00 &       6.053681e-02 &             5.136921e-03 &       4.965410e-12 \\
schreiber2018/fcn                   &                         2.086453e-01 &          3.208038e-01 &               1.287570e-01 &   2.049300e-02 &                      4.642992e-13 &            1.487116e-11 &         1.812344e-01 &              1.978920e-02 &      7.598503e-10 &       6.958788e-01 &               7.965079e-38 &           5.682238e-06 &             3.350404e-02 &             1.898381e-02 &       6.053681e-02 &       1.000000e+00 &             1.904415e-01 &       1.506311e-09 \\
schreiber2018/ismir2018             &                         8.691768e-01 &          8.276232e-01 &               7.469920e-01 &   1.068040e-03 &                      5.212683e-10 &            1.944773e-08 &         8.989929e-01 &              2.004270e-01 &      1.702912e-08 &       9.067932e-02 &               2.583359e-34 &           4.436857e-04 &             3.211233e-01 &             7.631010e-04 &       5.136921e-03 &       1.904415e-01 &             1.000000e+00 &       2.228952e-07 \\
zplane/auftakt\_v3                   &                         1.138436e-06 &          6.679818e-08 &               4.198476e-07 &   3.888016e-13 &                      5.308940e-01 &            8.916159e-01 &         2.986164e-07 &              8.113998e-06 &      9.999741e-01 &       7.111583e-11 &               5.263031e-19 &           3.140958e-03 &             5.575302e-07 &             1.461176e-13 &       4.965410e-12 &       1.506311e-09 &             2.228952e-07 &       1.000000e+00 \\
\bottomrule
\end{tabular}
