\begin{tabular}{lrrrrrrrrrrrrrrr}
\toprule
{} &  boeck2015/tempodetector2016\_default &  davies2009/mirex\_qm\_tempotracker &  echonest/version\_3\_2\_1 &  gkiokas2012/default &  klapuri2006/percival2014 &  oliveira2010/ibt &  percival2014/stem &  scheirer1998/percival2014 &  schreiber2014/default &  schreiber2017/ismir2017 &  schreiber2017/mirex2017 &  schreiber2018/cnn &  schreiber2018/fcn &  schreiber2018/ismir2018 &  zplane/auftakt\_v3 \\
Estimator                           &                                      &                                   &                         &                      &                           &                   &                    &                            &                        &                          &                          &                    &                    &                          &                    \\
\midrule
boeck2015/tempodetector2016\_default &                         1.000000e+00 &                      3.974012e-20 &            6.003874e-17 &         7.998418e-01 &              8.993196e-09 &      1.612124e-15 &       2.299246e-04 &               1.602948e-25 &           2.146603e-03 &             1.230548e-02 &             1.087680e-03 &       8.377763e-02 &       5.626438e-03 &             1.906504e-02 &       2.624284e-04 \\
davies2009/mirex\_qm\_tempotracker    &                         3.974012e-20 &                      1.000000e+00 &            1.055976e-02 &         1.294220e-18 &              3.235698e-02 &      4.180306e-01 &       1.243187e-10 &               6.419423e-09 &           3.619487e-08 &             5.341485e-09 &             1.759495e-07 &       7.405388e-24 &       1.057933e-23 &             1.262990e-24 &       9.473778e-09 \\
echonest/version\_3\_2\_1              &                         6.003874e-17 &                      1.055976e-02 &            1.000000e+00 &         2.745640e-16 &              3.897370e-05 &      1.299813e-03 &       1.281274e-11 &               5.830115e-04 &           3.295226e-11 &             2.531712e-11 &             3.796437e-10 &       1.067885e-17 &       2.441356e-19 &             1.303386e-18 &       2.107925e-11 \\
gkiokas2012/default                 &                         7.998418e-01 &                      1.294220e-18 &            2.745640e-16 &         1.000000e+00 &              3.681080e-08 &      1.737670e-15 &       2.333025e-03 &               8.023958e-25 &           1.263103e-02 &             3.265545e-02 &             7.094560e-03 &       2.084791e-01 &       7.568229e-02 &             9.057545e-02 &       1.028377e-03 \\
klapuri2006/percival2014            &                         8.993196e-09 &                      3.235698e-02 &            3.897370e-05 &         3.681080e-08 &              1.000000e+00 &      1.345758e-01 &       1.538177e-03 &               6.475577e-11 &           1.581558e-03 &             5.291130e-04 &             4.247877e-03 &       1.833949e-10 &       9.409166e-11 &             9.649650e-11 &       1.570877e-03 \\
oliveira2010/ibt                    &                         1.612124e-15 &                      4.180306e-01 &            1.299813e-03 &         1.737670e-15 &              1.345758e-01 &      1.000000e+00 &       1.013003e-07 &               1.477190e-09 &           1.341904e-06 &             1.877006e-07 &             6.281902e-06 &       3.573316e-18 &       1.240646e-18 &             1.108080e-18 &       6.986156e-06 \\
percival2014/stem                   &                         2.299246e-04 &                      1.243187e-10 &            1.281274e-11 &         2.333025e-03 &              1.538177e-03 &      1.013003e-07 &       1.000000e+00 &               1.113596e-18 &           8.555277e-01 &             6.009309e-01 &             9.085900e-01 &       1.644687e-06 &       1.085442e-06 &             6.556488e-07 &       6.789794e-01 \\
scheirer1998/percival2014           &                         1.602948e-25 &                      6.419423e-09 &            5.830115e-04 &         8.023958e-25 &              6.475577e-11 &      1.477190e-09 &       1.113596e-18 &               1.000000e+00 &           1.660930e-17 &             3.957056e-18 &             1.279162e-16 &       4.931327e-26 &       1.942364e-27 &             4.822458e-27 &       5.155668e-18 \\
schreiber2014/default               &                         2.146603e-03 &                      3.619487e-08 &            3.295226e-11 &         1.263103e-02 &              1.581558e-03 &      1.341904e-06 &       8.555277e-01 &               1.660930e-17 &           1.000000e+00 &             7.123207e-01 &             7.330770e-01 &       4.029037e-05 &       1.267577e-05 &             4.305298e-05 &       5.759049e-01 \\
schreiber2017/ismir2017             &                         1.230548e-02 &                      5.341485e-09 &            2.531712e-11 &         3.265545e-02 &              5.291130e-04 &      1.877006e-07 &       6.009309e-01 &               3.957056e-18 &           7.123207e-01 &             1.000000e+00 &             8.326427e-02 &       1.245448e-03 &       2.687631e-04 &             5.727498e-04 &       3.939615e-01 \\
schreiber2017/mirex2017             &                         1.087680e-03 &                      1.759495e-07 &            3.796437e-10 &         7.094560e-03 &              4.247877e-03 &      6.281902e-06 &       9.085900e-01 &               1.279162e-16 &           7.330770e-01 &             8.326427e-02 &             1.000000e+00 &       6.434874e-05 &       8.175873e-06 &             2.573310e-05 &       7.904129e-01 \\
schreiber2018/cnn                   &                         8.377763e-02 &                      7.405388e-24 &            1.067885e-17 &         2.084791e-01 &              1.833949e-10 &      3.573316e-18 &       1.644687e-06 &               4.931327e-26 &           4.029037e-05 &             1.245448e-03 &             6.434874e-05 &       1.000000e+00 &       5.199513e-01 &             4.808793e-01 &       2.088724e-05 \\
schreiber2018/fcn                   &                         5.626438e-03 &                      1.057933e-23 &            2.441356e-19 &         7.568229e-02 &              9.409166e-11 &      1.240646e-18 &       1.085442e-06 &               1.942364e-27 &           1.267577e-05 &             2.687631e-04 &             8.175873e-06 &       5.199513e-01 &       1.000000e+00 &             9.651747e-01 &       2.068492e-06 \\
schreiber2018/ismir2018             &                         1.906504e-02 &                      1.262990e-24 &            1.303386e-18 &         9.057545e-02 &              9.649650e-11 &      1.108080e-18 &       6.556488e-07 &               4.822458e-27 &           4.305298e-05 &             5.727498e-04 &             2.573310e-05 &       4.808793e-01 &       9.651747e-01 &             1.000000e+00 &       6.175416e-06 \\
zplane/auftakt\_v3                   &                         2.624284e-04 &                      9.473778e-09 &            2.107925e-11 &         1.028377e-03 &              1.570877e-03 &      6.986156e-06 &       6.789794e-01 &               5.155668e-18 &           5.759049e-01 &             3.939615e-01 &             7.904129e-01 &       2.088724e-05 &       2.068492e-06 &             6.175416e-06 &       1.000000e+00 \\
\bottomrule
\end{tabular}
