\begin{tabular}{lrrrrrrrrrrrrrrrrrrr}
\toprule
{} &  boeck2015/tempodetector2016\_default &  boeck2019/multi\_task &  boeck2019/multi\_task\_hjdb &  boeck2020/dar &  davies2009/mirex\_qm\_tempotracker &  echonest/version\_3\_2\_1 &  gkiokas2012/default &  klapuri2006/percival2014 &  oliveira2010/ibt &  percival2014/stem &  scheirer1998/percival2014 &  schreiber2014/default &  schreiber2017/ismir2017 &  schreiber2017/mirex2017 &  schreiber2018/cnn &  schreiber2018/fcn &  schreiber2018/ismir2018 &  sun2021/default &  zplane/auftakt\_v3 \\
Estimator                           &                                      &                       &                            &                &                                   &                         &                      &                           &                   &                    &                            &                        &                          &                          &                    &                    &                          &                  &                    \\
\midrule
boeck2015/tempodetector2016\_default &                         1.000000e+00 &          7.499196e-15 &               3.663446e-14 &   4.523657e-16 &                      4.832382e-21 &            2.193642e-38 &         1.681848e-31 &              2.518056e-28 &      6.955698e-29 &       4.350270e-26 &               2.386472e-44 &           7.322318e-23 &             2.031148e-01 &             3.791398e-06 &       1.982660e-17 &       3.098473e-12 &             2.970770e-12 &     6.645909e-17 &       3.222681e-24 \\
boeck2019/multi\_task                &                         7.499196e-15 &          1.000000e+00 &               6.250000e-01 &   5.810547e-01 &                      3.239647e-43 &            1.291950e-62 &         7.280107e-50 &              3.314810e-47 &      8.224595e-49 &       7.017311e-46 &               3.195701e-73 &           8.761539e-43 &             8.637552e-12 &             1.206291e-04 &       8.776143e-01 &       7.590473e-02 &             5.806415e-02 &     6.358280e-01 &       5.121534e-44 \\
boeck2019/multi\_task\_hjdb           &                         3.663446e-14 &          6.250000e-01 &               1.000000e+00 &   2.265625e-01 &                      3.634925e-42 &            4.547211e-62 &         2.616082e-48 &              3.696564e-46 &      9.753238e-48 &       7.658534e-45 &               6.964081e-72 &           2.415430e-41 &             3.765177e-11 &             3.777920e-04 &       6.358280e-01 &       1.189205e-01 &             1.047895e-01 &     4.176922e-01 &       5.612888e-43 \\
boeck2020/dar                       &                         4.523657e-16 &          5.810547e-01 &               2.265625e-01 &   1.000000e+00 &                      1.468948e-44 &            2.094698e-65 &         6.192320e-53 &              1.117895e-49 &      3.527619e-50 &       2.512363e-48 &               1.024132e-75 &           1.291632e-45 &             3.505780e-13 &             2.242964e-05 &       1.000000e+00 &       2.129411e-02 &             1.753324e-02 &     1.000000e+00 &       1.785719e-46 \\
davies2009/mirex\_qm\_tempotracker    &                         4.832382e-21 &          3.239647e-43 &               3.634925e-42 &   1.468948e-44 &                      1.000000e+00 &            8.668992e-08 &         1.951748e-02 &              8.183695e-02 &      2.859089e-02 &       2.578427e-01 &               3.127081e-11 &           6.850707e-01 &             4.824184e-20 &             2.815403e-34 &       2.489355e-47 &       1.648201e-39 &             5.126188e-42 &     1.368567e-46 &       7.183478e-01 \\
echonest/version\_3\_2\_1              &                         2.193642e-38 &          1.291950e-62 &               4.547211e-62 &   2.094698e-65 &                      8.668992e-08 &            1.000000e+00 &         2.015753e-03 &              1.441883e-05 &      5.917000e-05 &       3.561140e-06 &               1.477587e-01 &           3.243793e-07 &             2.415430e-41 &             5.773574e-54 &       1.665524e-71 &       3.810890e-65 &             1.036614e-65 &     2.768434e-70 &       6.938716e-08 \\
gkiokas2012/default                 &                         1.681848e-31 &          7.280107e-50 &               2.616082e-48 &   6.192320e-53 &                      1.951748e-02 &            2.015753e-03 &         1.000000e+00 &              2.409547e-01 &      4.749585e-01 &       4.980011e-02 &               3.940158e-05 &           3.544813e-03 &             3.932224e-30 &             6.434966e-41 &       5.813523e-56 &       1.595756e-49 &             2.865948e-54 &     1.601346e-56 &       6.377301e-03 \\
klapuri2006/percival2014            &                         2.518056e-28 &          3.314810e-47 &               3.696564e-46 &   1.117895e-49 &                      8.183695e-02 &            1.441883e-05 &         2.409547e-01 &              1.000000e+00 &      6.358280e-01 &       5.900533e-01 &               3.406426e-07 &           1.299179e-01 &             1.471528e-27 &             9.463983e-39 &       4.417219e-54 &       1.155270e-45 &             1.086579e-51 &     1.788617e-52 &       4.355852e-02 \\
oliveira2010/ibt                    &                         6.955698e-29 &          8.224595e-49 &               9.753238e-48 &   3.527619e-50 &                      2.859089e-02 &            5.917000e-05 &         4.749585e-01 &              6.358280e-01 &      1.000000e+00 &       2.975952e-01 &               9.611058e-07 &           6.467169e-02 &             2.043183e-24 &             2.193642e-38 &       1.001776e-53 &       3.596995e-46 &             5.481391e-52 &     2.768358e-54 &       1.753324e-02 \\
percival2014/stem                   &                         4.350270e-26 &          7.017311e-46 &               7.658534e-45 &   2.512363e-48 &                      2.578427e-01 &            3.561140e-06 &         4.980011e-02 &              5.900533e-01 &      2.975952e-01 &       1.000000e+00 &               8.839748e-08 &           3.581433e-01 &             4.734367e-23 &             4.433445e-36 &       6.290653e-52 &       9.344840e-44 &             1.995144e-49 &     1.977147e-50 &       2.624375e-01 \\
scheirer1998/percival2014           &                         2.386472e-44 &          3.195701e-73 &               6.964081e-72 &   1.024132e-75 &                      3.127081e-11 &            1.477587e-01 &         3.940158e-05 &              3.406426e-07 &      9.611058e-07 &       8.839748e-08 &               1.000000e+00 &           7.764037e-09 &             2.694599e-47 &             2.147720e-64 &       3.705541e-78 &       1.336863e-72 &             3.076995e-73 &     8.736367e-78 &       1.968777e-09 \\
schreiber2014/default               &                         7.322318e-23 &          8.761539e-43 &               2.415430e-41 &   1.291632e-45 &                      6.850707e-01 &            3.243793e-07 &         3.544813e-03 &              1.299179e-01 &      6.467169e-02 &       3.581433e-01 &               7.764037e-09 &           1.000000e+00 &             4.246524e-25 &             2.289253e-35 &       2.514850e-48 &       1.278391e-41 &             2.197516e-46 &     5.135233e-47 &       1.000000e+00 \\
schreiber2017/ismir2017             &                         2.031148e-01 &          8.637552e-12 &               3.765177e-11 &   3.505780e-13 &                      4.824184e-20 &            2.415430e-41 &         3.932224e-30 &              1.471528e-27 &      2.043183e-24 &       4.734367e-23 &               2.694599e-47 &           4.246524e-25 &             1.000000e+00 &             7.288431e-07 &       1.520051e-16 &       3.101450e-09 &             5.009491e-09 &     5.628741e-14 &       4.926225e-21 \\
schreiber2017/mirex2017             &                         3.791398e-06 &          1.206291e-04 &               3.777920e-04 &   2.242964e-05 &                      2.815403e-34 &            5.773574e-54 &         6.434966e-41 &              9.463983e-39 &      2.193642e-38 &       4.433445e-36 &               2.147720e-64 &           2.289253e-35 &             7.288431e-07 &             1.000000e+00 &       3.183629e-06 &       2.446091e-02 &             3.192716e-02 &     5.853956e-06 &       5.541259e-33 \\
schreiber2018/cnn                   &                         1.982660e-17 &          8.776143e-01 &               6.358280e-01 &   1.000000e+00 &                      2.489355e-47 &            1.665524e-71 &         5.813523e-56 &              4.417219e-54 &      1.001776e-53 &       6.290653e-52 &               3.705541e-78 &           2.514850e-48 &             1.520051e-16 &             3.183629e-06 &       1.000000e+00 &       1.952047e-02 &             7.632079e-03 &     8.555356e-01 &       2.068288e-49 \\
schreiber2018/fcn                   &                         3.098473e-12 &          7.590473e-02 &               1.189205e-01 &   2.129411e-02 &                      1.648201e-39 &            3.810890e-65 &         1.595756e-49 &              1.155270e-45 &      3.596995e-46 &       9.344840e-44 &               1.336863e-72 &           1.278391e-41 &             3.101450e-09 &             2.446091e-02 &       1.952047e-02 &       1.000000e+00 &             1.000000e+00 &     1.135159e-02 &       6.757538e-42 \\
schreiber2018/ismir2018             &                         2.970770e-12 &          5.806415e-02 &               1.047895e-01 &   1.753324e-02 &                      5.126188e-42 &            1.036614e-65 &         2.865948e-54 &              1.086579e-51 &      5.481391e-52 &       1.995144e-49 &               3.076995e-73 &           2.197516e-46 &             5.009491e-09 &             3.192716e-02 &       7.632079e-03 &       1.000000e+00 &             1.000000e+00 &     7.942727e-03 &       1.098454e-47 \\
sun2021/default                     &                         6.645909e-17 &          6.358280e-01 &               4.176922e-01 &   1.000000e+00 &                      1.368567e-46 &            2.768434e-70 &         1.601346e-56 &              1.788617e-52 &      2.768358e-54 &       1.977147e-50 &               8.736367e-78 &           5.135233e-47 &             5.628741e-14 &             5.853956e-06 &       8.555356e-01 &       1.135159e-02 &             7.942727e-03 &     1.000000e+00 &       1.332714e-48 \\
zplane/auftakt\_v3                   &                         3.222681e-24 &          5.121534e-44 &               5.612888e-43 &   1.785719e-46 &                      7.183478e-01 &            6.938716e-08 &         6.377301e-03 &              4.355852e-02 &      1.753324e-02 &       2.624375e-01 &               1.968777e-09 &           1.000000e+00 &             4.926225e-21 &             5.541259e-33 &       2.068288e-49 &       6.757538e-42 &             1.098454e-47 &     1.332714e-48 &       1.000000e+00 \\
\bottomrule
\end{tabular}
