\begin{tabular}{lrrrrrrrrrrrrrrrrrr}
\toprule
{} &  boeck2015/tempodetector2016\_default &  boeck2019/multi\_task &  boeck2019/multi\_task\_hjdb &  boeck2020/dar &  davies2009/mirex\_qm\_tempotracker &  echonest/version\_3\_2\_1 &  gkiokas2012/default &  klapuri2006/percival2014 &  oliveira2010/ibt &  percival2014/stem &  scheirer1998/percival2014 &  schreiber2014/default &  schreiber2017/ismir2017 &  schreiber2017/mirex2017 &  schreiber2018/cnn &  schreiber2018/fcn &  schreiber2018/ismir2018 &  zplane/auftakt\_v3 \\
Estimator                           &                                      &                       &                            &                &                                   &                         &                      &                           &                   &                    &                            &                        &                          &                          &                    &                    &                          &                    \\
\midrule
boeck2015/tempodetector2016\_default &                         1.000000e+00 &          1.153183e-01 &               1.153183e-01 &   9.625244e-02 &                      5.910883e-12 &            6.167247e-22 &         3.017578e-01 &              5.805322e-09 &      1.106786e-14 &       6.164890e-06 &               8.300367e-45 &           6.610751e-03 &             3.323059e-01 &             7.905273e-01 &       1.000000e+00 &       1.000000e+00 &             1.000000e+00 &       3.465451e-06 \\
boeck2019/multi\_task                &                         1.153183e-01 &          1.000000e+00 &               1.000000e+00 &   1.000000e+00 &                      1.041402e-06 &            4.529580e-16 &         6.900380e-01 &              1.916779e-05 &      1.693839e-09 &       9.559879e-03 &               9.027730e-37 &           3.915283e-01 &             6.900380e-01 &             2.862787e-01 &       1.153183e-01 &       1.153183e-01 &             1.153183e-01 &       5.401573e-03 \\
boeck2019/multi\_task\_hjdb           &                         1.153183e-01 &          1.000000e+00 &               1.000000e+00 &   1.000000e+00 &                      1.041402e-06 &            4.529580e-16 &         6.900380e-01 &              1.916779e-05 &      1.693839e-09 &       9.559879e-03 &               9.027730e-37 &           3.915283e-01 &             6.900380e-01 &             2.862787e-01 &       1.153183e-01 &       1.153183e-01 &             1.153183e-01 &       5.401573e-03 \\
boeck2020/dar                       &                         9.625244e-02 &          1.000000e+00 &               1.000000e+00 &   1.000000e+00 &                      6.921917e-07 &            4.529580e-16 &         6.776395e-01 &              2.719188e-05 &      3.023635e-09 &       9.559879e-03 &               1.966144e-37 &           3.915283e-01 &             6.900380e-01 &             2.862787e-01 &       9.625244e-02 &       9.625244e-02 &             9.625244e-02 &       5.401573e-03 \\
davies2009/mirex\_qm\_tempotracker    &                         5.910883e-12 &          1.041402e-06 &               1.041402e-06 &   6.921917e-07 &                      1.000000e+00 &            8.715479e-05 &         2.402165e-09 &              3.581433e-01 &      2.370471e-01 &       1.088538e-03 &               6.977645e-18 &           7.665168e-06 &             2.402165e-09 &             1.753919e-10 &       1.541878e-12 &       5.910883e-12 &             5.910883e-12 &       3.838266e-03 \\
echonest/version\_3\_2\_1              &                         6.167247e-22 &          4.529580e-16 &               4.529580e-16 &   4.529580e-16 &                      8.715479e-05 &            1.000000e+00 &         1.580395e-20 &              1.646430e-07 &      3.372233e-03 &       2.448822e-12 &               2.268475e-08 &           2.795937e-16 &             1.580395e-20 &             2.260483e-21 &       1.294408e-23 &       1.294408e-23 &             1.015170e-22 &       1.807741e-12 \\
gkiokas2012/default                 &                         3.017578e-01 &          6.900380e-01 &               6.900380e-01 &   6.776395e-01 &                      2.402165e-09 &            1.580395e-20 &         1.000000e+00 &              2.098677e-07 &      9.002817e-13 &       7.528971e-04 &               1.002572e-39 &           1.496128e-01 &             1.000000e+00 &             6.476059e-01 &       3.017578e-01 &       2.265625e-01 &             2.668457e-01 &       4.719867e-04 \\
klapuri2006/percival2014            &                         5.805322e-09 &          1.916779e-05 &               1.916779e-05 &   2.719188e-05 &                      3.581433e-01 &            1.646430e-07 &         2.098677e-07 &              1.000000e+00 &      1.753324e-02 &       4.887389e-02 &               9.356428e-22 &           2.685401e-04 &             2.098677e-07 &             1.832363e-08 &       8.225456e-10 &       8.225456e-10 &             8.225456e-10 &       4.355852e-02 \\
oliveira2010/ibt                    &                         1.106786e-14 &          1.693839e-09 &               1.693839e-09 &   3.023635e-09 &                      2.370471e-01 &            3.372233e-03 &         9.002817e-13 &              1.753324e-02 &      1.000000e+00 &       1.312744e-05 &               4.537137e-15 &           1.175360e-08 &             2.725803e-12 &             1.419534e-13 &       2.484232e-15 &       2.484232e-15 &             4.373672e-16 &       5.778372e-05 \\
percival2014/stem                   &                         6.164890e-06 &          9.559879e-03 &               9.559879e-03 &   9.559879e-03 &                      1.088538e-03 &            2.448822e-12 &         7.528971e-04 &              4.887389e-02 &      1.312744e-05 &       1.000000e+00 &               1.060063e-30 &           7.295139e-02 &             5.082604e-04 &             6.960169e-05 &       8.679926e-07 &       2.556015e-06 &             2.556015e-06 &       1.000000e+00 \\
scheirer1998/percival2014           &                         8.300367e-45 &          9.027730e-37 &               9.027730e-37 &   1.966144e-37 &                      6.977645e-18 &            2.268475e-08 &         1.002572e-39 &              9.356428e-22 &      4.537137e-15 &       1.060063e-30 &               1.000000e+00 &           6.347663e-34 &             2.881919e-38 &             8.130421e-40 &       8.300367e-45 &       8.300367e-45 &             7.910334e-43 &       4.949592e-28 \\
schreiber2014/default               &                         6.610751e-03 &          3.915283e-01 &               3.915283e-01 &   3.915283e-01 &                      7.665168e-06 &            2.795937e-16 &         1.496128e-01 &              2.685401e-04 &      1.175360e-08 &       7.295139e-02 &               6.347663e-34 &           1.000000e+00 &             1.171875e-02 &             4.180908e-03 &       1.312256e-03 &       4.343510e-03 &             4.343510e-03 &       5.958389e-02 \\
schreiber2017/ismir2017             &                         3.323059e-01 &          6.900380e-01 &               6.900380e-01 &   6.900380e-01 &                      2.402165e-09 &            1.580395e-20 &         1.000000e+00 &              2.098677e-07 &      2.725803e-12 &       5.082604e-04 &               2.881919e-38 &           1.171875e-02 &             1.000000e+00 &             4.531250e-01 &       2.668457e-01 &       2.668457e-01 &             2.668457e-01 &       4.719867e-04 \\
schreiber2017/mirex2017             &                         7.905273e-01 &          2.862787e-01 &               2.862787e-01 &   2.862787e-01 &                      1.753919e-10 &            2.260483e-21 &         6.476059e-01 &              1.832363e-08 &      1.419534e-13 &       6.960169e-05 &               8.130421e-40 &           4.180908e-03 &             4.531250e-01 &             1.000000e+00 &       7.265625e-01 &       7.539063e-01 &             7.539063e-01 &       7.025478e-05 \\
schreiber2018/cnn                   &                         1.000000e+00 &          1.153183e-01 &               1.153183e-01 &   9.625244e-02 &                      1.541878e-12 &            1.294408e-23 &         3.017578e-01 &              8.225456e-10 &      2.484232e-15 &       8.679926e-07 &               8.300367e-45 &           1.312256e-03 &             2.668457e-01 &             7.265625e-01 &       1.000000e+00 &       1.000000e+00 &             1.000000e+00 &       3.465451e-06 \\
schreiber2018/fcn                   &                         1.000000e+00 &          1.153183e-01 &               1.153183e-01 &   9.625244e-02 &                      5.910883e-12 &            1.294408e-23 &         2.265625e-01 &              8.225456e-10 &      2.484232e-15 &       2.556015e-06 &               8.300367e-45 &           4.343510e-03 &             2.668457e-01 &             7.539063e-01 &       1.000000e+00 &       1.000000e+00 &             1.000000e+00 &       1.401175e-06 \\
schreiber2018/ismir2018             &                         1.000000e+00 &          1.153183e-01 &               1.153183e-01 &   9.625244e-02 &                      5.910883e-12 &            1.015170e-22 &         2.668457e-01 &              8.225456e-10 &      4.373672e-16 &       2.556015e-06 &               7.910334e-43 &           4.343510e-03 &             2.668457e-01 &             7.539063e-01 &       1.000000e+00 &       1.000000e+00 &             1.000000e+00 &       3.465451e-06 \\
zplane/auftakt\_v3                   &                         3.465451e-06 &          5.401573e-03 &               5.401573e-03 &   5.401573e-03 &                      3.838266e-03 &            1.807741e-12 &         4.719867e-04 &              4.355852e-02 &      5.778372e-05 &       1.000000e+00 &               4.949592e-28 &           5.958389e-02 &             4.719867e-04 &             7.025478e-05 &       3.465451e-06 &       1.401175e-06 &             3.465451e-06 &       1.000000e+00 \\
\bottomrule
\end{tabular}
