\begin{tabular}{lrrrrrrrrrrrrrrrrrr}
\toprule
{} &  boeck2015/tempodetector2016\_default &  boeck2019/multi\_task &  boeck2019/multi\_task\_hjdb &  boeck2020/dar &  davies2009/mirex\_qm\_tempotracker &  echonest/version\_3\_2\_1 &  gkiokas2012/default &  klapuri2006/percival2014 &  oliveira2010/ibt &  percival2014/stem &  scheirer1998/percival2014 &  schreiber2014/default &  schreiber2017/ismir2017 &  schreiber2017/mirex2017 &  schreiber2018/cnn &  schreiber2018/fcn &  schreiber2018/ismir2018 &  zplane/auftakt\_v3 \\
Estimator                           &                                      &                       &                            &                &                                   &                         &                      &                           &                   &                    &                            &                        &                          &                          &                    &                    &                          &                    \\
\midrule
boeck2015/tempodetector2016\_default &                         1.000000e+00 &          1.441700e-21 &               2.440532e-20 &   1.895188e-22 &                      8.089822e-16 &            9.024531e-30 &         2.448381e-31 &              1.444530e-21 &      1.438376e-21 &       2.023581e-21 &               1.803510e-21 &           9.018779e-21 &             6.130384e-02 &             2.129590e-07 &       2.632528e-18 &       3.466206e-13 &             7.031292e-14 &       1.274508e-19 \\
boeck2019/multi\_task                &                         1.441700e-21 &          1.000000e+00 &               2.034217e-01 &   5.058255e-01 &                      8.822976e-48 &            2.560025e-60 &         6.878916e-57 &              7.709002e-51 &      4.060139e-51 &       3.453731e-48 &               1.217411e-54 &           2.011516e-50 &             8.361429e-18 &             2.132698e-09 &       7.390183e-02 &       3.017287e-05 &             6.295516e-05 &       4.795778e-48 \\
boeck2019/multi\_task\_hjdb           &                         2.440532e-20 &          2.034217e-01 &               1.000000e+00 &   1.311014e-01 &                      1.666739e-46 &            3.030960e-59 &         4.287582e-55 &              2.839265e-49 &      1.686855e-49 &       7.587300e-47 &               8.383599e-53 &           2.463410e-48 &             1.321693e-16 &             3.842673e-08 &       2.013385e-01 &       8.991166e-05 &             4.179266e-04 &       1.563141e-46 \\
boeck2020/dar                       &                         1.895188e-22 &          5.058255e-01 &               1.311014e-01 &   1.000000e+00 &                      1.697460e-49 &            6.551406e-63 &         3.282719e-59 &              7.564988e-54 &      1.543296e-53 &       1.028234e-50 &               1.337391e-56 &           2.502258e-53 &             1.699871e-19 &             1.867115e-10 &       1.543768e-02 &       1.923976e-06 &             5.869903e-06 &       7.544403e-51 \\
davies2009/mirex\_qm\_tempotracker    &                         8.089822e-16 &          8.822976e-48 &               1.666739e-46 &   1.697460e-49 &                      1.000000e+00 &            8.180215e-06 &         1.504767e-07 &              1.311941e-01 &      1.786588e-01 &       5.084858e-02 &               1.798981e-02 &           1.468811e-01 &             5.621391e-19 &             1.458249e-30 &       6.082551e-44 &       2.336460e-36 &             6.579606e-39 &       4.625290e-01 \\
echonest/version\_3\_2\_1              &                         9.024531e-30 &          2.560025e-60 &               3.030960e-59 &   6.551406e-63 &                      8.180215e-06 &            1.000000e+00 &         2.313946e-01 &              6.397222e-05 &      2.879826e-05 &       1.031083e-03 &               1.029942e-02 &           8.176422e-05 &             2.600720e-34 &             6.043469e-44 &       1.449733e-59 &       6.660227e-52 &             4.271148e-55 &       2.079037e-06 \\
gkiokas2012/default                 &                         2.448381e-31 &          6.878916e-57 &               4.287582e-55 &   3.282719e-59 &                      1.504767e-07 &            2.313946e-01 &         1.000000e+00 &              1.487052e-11 &      7.293101e-12 &       3.923522e-11 &               1.940371e-03 &           9.792518e-12 &             6.860189e-34 &             2.248769e-42 &       1.486226e-54 &       5.742960e-48 &             3.644108e-52 &       7.560392e-15 \\
klapuri2006/percival2014            &                         1.444530e-21 &          7.709002e-51 &               2.839265e-49 &   7.564988e-54 &                      1.311941e-01 &            6.397222e-05 &         1.487052e-11 &              1.000000e+00 &      7.431208e-01 &       1.533817e-01 &               1.929790e-01 &           7.382627e-01 &             1.102100e-23 &             8.180943e-34 &       4.673890e-48 &       8.061956e-41 &             1.867669e-45 &       1.350822e-01 \\
oliveira2010/ibt                    &                         1.438376e-21 &          4.060139e-51 &               1.686855e-49 &   1.543296e-53 &                      1.786588e-01 &            2.879826e-05 &         7.293101e-12 &              7.431208e-01 &      1.000000e+00 &       1.046608e-01 &               1.561206e-01 &           5.892122e-01 &             1.198501e-22 &             3.600695e-33 &       4.502007e-48 &       4.744868e-41 &             4.808065e-46 &       2.235241e-01 \\
percival2014/stem                   &                         2.023581e-21 &          3.453731e-48 &               7.587300e-47 &   1.028234e-50 &                      5.084858e-02 &            1.031083e-03 &         3.923522e-11 &              1.533817e-01 &      1.046608e-01 &       1.000000e+00 &               5.672806e-01 &           2.988080e-01 &             2.361875e-23 &             8.968750e-33 &       5.283131e-46 &       1.502389e-39 &             1.065642e-43 &       9.943071e-03 \\
scheirer1998/percival2014           &                         1.803510e-21 &          1.217411e-54 &               8.383599e-53 &   1.337391e-56 &                      1.798981e-02 &            1.029942e-02 &         1.940371e-03 &              1.929790e-01 &      1.561206e-01 &       5.672806e-01 &               1.000000e+00 &           2.738833e-01 &             4.198033e-26 &             2.838873e-40 &       7.658074e-53 &       5.818626e-47 &             3.847362e-50 &       6.989199e-02 \\
schreiber2014/default               &                         9.018779e-21 &          2.011516e-50 &               2.463410e-48 &   2.502258e-53 &                      1.468811e-01 &            8.176422e-05 &         9.792518e-12 &              7.382627e-01 &      5.892122e-01 &       2.988080e-01 &               2.738833e-01 &           1.000000e+00 &             1.663755e-23 &             3.500539e-33 &       2.277906e-46 &       3.451528e-40 &             8.707300e-45 &       1.353668e-01 \\
schreiber2017/ismir2017             &                         6.130384e-02 &          8.361429e-18 &               1.321693e-16 &   1.699871e-19 &                      5.621391e-19 &            2.600720e-34 &         6.860189e-34 &              1.102100e-23 &      1.198501e-22 &       2.361875e-23 &               4.198033e-26 &           1.663755e-23 &             1.000000e+00 &             7.786009e-07 &       3.975967e-16 &       4.016583e-09 &             9.184329e-10 &       7.414550e-21 \\
schreiber2017/mirex2017             &                         2.129590e-07 &          2.132698e-09 &               3.842673e-08 &   1.867115e-10 &                      1.458249e-30 &            6.043469e-44 &         2.248769e-42 &              8.180943e-34 &      3.600695e-33 &       8.968750e-33 &               2.838873e-40 &           3.500539e-33 &             7.786009e-07 &             1.000000e+00 &       1.666012e-06 &       1.887312e-02 &             1.268162e-02 &       1.626954e-30 \\
schreiber2018/cnn                   &                         2.632528e-18 &          7.390183e-02 &               2.013385e-01 &   1.543768e-02 &                      6.082551e-44 &            1.449733e-59 &         1.486226e-54 &              4.673890e-48 &      4.502007e-48 &       5.283131e-46 &               7.658074e-53 &           2.277906e-46 &             3.975967e-16 &             1.666012e-06 &       1.000000e+00 &       6.368437e-03 &             6.651119e-03 &       4.008817e-45 \\
schreiber2018/fcn                   &                         3.466206e-13 &          3.017287e-05 &               8.991166e-05 &   1.923976e-06 &                      2.336460e-36 &            6.660227e-52 &         5.742960e-48 &              8.061956e-41 &      4.744868e-41 &       1.502389e-39 &               5.818626e-47 &           3.451528e-40 &             4.016583e-09 &             1.887312e-02 &       6.368437e-03 &       1.000000e+00 &             8.796575e-01 &       2.268162e-38 \\
schreiber2018/ismir2018             &                         7.031292e-14 &          6.295516e-05 &               4.179266e-04 &   5.869903e-06 &                      6.579606e-39 &            4.271148e-55 &         3.644108e-52 &              1.867669e-45 &      4.808065e-46 &       1.065642e-43 &               3.847362e-50 &           8.707300e-45 &             9.184329e-10 &             1.268162e-02 &       6.651119e-03 &       8.796575e-01 &             1.000000e+00 &       3.630088e-43 \\
zplane/auftakt\_v3                   &                         1.274508e-19 &          4.795778e-48 &               1.563141e-46 &   7.544403e-51 &                      4.625290e-01 &            2.079037e-06 &         7.560392e-15 &              1.350822e-01 &      2.235241e-01 &       9.943071e-03 &               6.989199e-02 &           1.353668e-01 &             7.414550e-21 &             1.626954e-30 &       4.008817e-45 &       2.268162e-38 &             3.630088e-43 &       1.000000e+00 \\
\bottomrule
\end{tabular}
