\begin{tabular}{lrrrrrrrrrrrrrrr}
\toprule
{} &  boeck2015/tempodetector2016\_default &  davies2009/mirex\_qm\_tempotracker &  echonest/version\_3\_2\_1 &  gkiokas2012/default &  klapuri2006/percival2014 &  oliveira2010/ibt &  percival2014/stem &  scheirer1998/percival2014 &  schreiber2014/default &  schreiber2017/ismir2017 &  schreiber2017/mirex2017 &  schreiber2018/cnn &  schreiber2018/fcn &  schreiber2018/ismir2018 &  zplane/auftakt\_v3 \\
Estimator                           &                                      &                                   &                         &                      &                           &                   &                    &                            &                        &                          &                          &                    &                    &                          &                    \\
\midrule
boeck2015/tempodetector2016\_default &                         1.000000e+00 &                      5.409144e-20 &            2.769128e-01 &         3.251328e-01 &                  0.000001 &      8.678017e-03 &       3.488392e-02 &                   0.000006 &           2.880572e-02 &             9.038261e-02 &             2.816591e-01 &       1.307895e-03 &       1.116288e-03 &             2.168675e-01 &       2.310264e-02 \\
davies2009/mirex\_qm\_tempotracker    &                         5.409144e-20 &                      1.000000e+00 &            1.120774e-08 &         7.250491e-16 &                  0.005662 &      1.693655e-07 &       1.405130e-09 &                   0.962056 &           3.141505e-09 &             1.374462e-10 &             1.523809e-11 &       8.530606e-17 &       1.449533e-16 &             2.866161e-18 &       2.445762e-11 \\
echonest/version\_3\_2\_1              &                         2.769128e-01 &                      1.120774e-08 &            1.000000e+00 &         1.533339e-01 &                  0.000477 &      1.850492e-02 &       3.162523e-02 &                   0.000017 &           5.208212e-02 &             6.849856e-02 &             1.484662e-01 &       7.044973e-02 &       8.114783e-02 &             1.763058e-01 &       4.688491e-02 \\
gkiokas2012/default                 &                         3.251328e-01 &                      7.250491e-16 &            1.533339e-01 &         1.000000e+00 &                  0.000086 &      5.144667e-02 &       1.293661e-01 &                   0.000050 &           2.182801e-01 &             3.413996e-01 &             7.289074e-01 &       3.485752e-01 &       4.447754e-01 &             9.284353e-01 &       1.571401e-01 \\
klapuri2006/percival2014            &                         1.488733e-06 &                      5.661977e-03 &            4.768308e-04 &         8.560466e-05 &                  1.000000 &      2.901068e-02 &       8.859861e-03 &                   0.128607 &           2.763000e-03 &             7.866029e-04 &             1.988336e-04 &       9.729022e-05 &       7.355952e-05 &             9.177628e-06 &       6.494999e-03 \\
oliveira2010/ibt                    &                         8.678017e-03 &                      1.693655e-07 &            1.850492e-02 &         5.144667e-02 &                  0.029011 &      1.000000e+00 &       5.709198e-01 &                   0.006281 &           4.989818e-01 &             3.494964e-01 &             1.791235e-01 &       1.316823e-01 &       1.107690e-01 &             3.007425e-02 &       5.445565e-01 \\
percival2014/stem                   &                         3.488392e-02 &                      1.405130e-09 &            3.162523e-02 &         1.293661e-01 &                  0.008860 &      5.709198e-01 &       1.000000e+00 &                   0.001020 &           8.922333e-01 &             6.472876e-01 &             3.684651e-01 &       4.123854e-01 &       3.283994e-01 &             1.150030e-01 &       9.520164e-01 \\
scheirer1998/percival2014           &                         6.213604e-06 &                      9.620555e-01 &            1.744515e-05 &         4.956343e-05 &                  0.128607 &      6.281322e-03 &       1.020223e-03 &                   1.000000 &           8.686544e-04 &             3.053432e-04 &             1.029452e-04 &       1.095370e-04 &       6.908094e-05 &             2.844083e-05 &       1.155535e-03 \\
schreiber2014/default               &                         2.880572e-02 &                      3.141505e-09 &            5.208212e-02 &         2.182801e-01 &                  0.002763 &      4.989818e-01 &       8.922333e-01 &                   0.000869 &           1.000000e+00 &             7.081521e-01 &             2.842184e-01 &       4.255085e-01 &       3.396904e-01 &             1.098097e-01 &       9.298779e-01 \\
schreiber2017/ismir2017             &                         9.038261e-02 &                      1.374462e-10 &            6.849856e-02 &         3.413996e-01 &                  0.000787 &      3.494964e-01 &       6.472876e-01 &                   0.000305 &           7.081521e-01 &             1.000000e+00 &             8.326419e-02 &       7.355243e-01 &       6.083807e-01 &             2.514508e-01 &       7.073770e-01 \\
schreiber2017/mirex2017             &                         2.816591e-01 &                      1.523809e-11 &            1.484662e-01 &         7.289074e-01 &                  0.000199 &      1.791235e-01 &       3.684651e-01 &                   0.000103 &           2.842184e-01 &             8.326419e-02 &             1.000000e+00 &       7.360474e-01 &       8.681458e-01 &             6.166716e-01 &       3.843420e-01 \\
schreiber2018/cnn                   &                         1.307895e-03 &                      8.530606e-17 &            7.044973e-02 &         3.485752e-01 &                  0.000097 &      1.316823e-01 &       4.123854e-01 &                   0.000110 &           4.255085e-01 &             7.355243e-01 &             7.360474e-01 &       1.000000e+00 &       6.914877e-01 &             4.874153e-02 &       4.185559e-01 \\
schreiber2018/fcn                   &                         1.116288e-03 &                      1.449533e-16 &            8.114783e-02 &         4.447754e-01 &                  0.000074 &      1.107690e-01 &       3.283994e-01 &                   0.000069 &           3.396904e-01 &             6.083807e-01 &             8.681458e-01 &       6.914877e-01 &       1.000000e+00 &             2.102713e-01 &       3.101263e-01 \\
schreiber2018/ismir2018             &                         2.168675e-01 &                      2.866161e-18 &            1.763058e-01 &         9.284353e-01 &                  0.000009 &      3.007425e-02 &       1.150030e-01 &                   0.000028 &           1.098097e-01 &             2.514508e-01 &             6.166716e-01 &       4.874153e-02 &       2.102713e-01 &             1.000000e+00 &       1.047288e-01 \\
zplane/auftakt\_v3                   &                         2.310264e-02 &                      2.445762e-11 &            4.688491e-02 &         1.571401e-01 &                  0.006495 &      5.445565e-01 &       9.520164e-01 &                   0.001156 &           9.298779e-01 &             7.073770e-01 &             3.843420e-01 &       4.185559e-01 &       3.101263e-01 &             1.047288e-01 &       1.000000e+00 \\
\bottomrule
\end{tabular}
