\begin{tabular}{lrrrrrrrrrrrrrrr}
\toprule
{} &  boeck2015/tempodetector2016\_default &  davies2009/mirex\_qm\_tempotracker &  echonest/version\_3\_2\_1 &  gkiokas2012/default &  klapuri2006/percival2014 &  oliveira2010/ibt &  percival2014/stem &  scheirer1998/percival2014 &  schreiber2014/default &  schreiber2017/ismir2017 &  schreiber2017/mirex2017 &  schreiber2018/cnn &  schreiber2018/fcn &  schreiber2018/ismir2018 &  zplane/auftakt\_v3 \\
Estimator                           &                                      &                                   &                         &                      &                           &                   &                    &                            &                        &                          &                          &                    &                    &                          &                    \\
\midrule
boeck2015/tempodetector2016\_default &                         1.000000e+00 &                      8.089822e-16 &            9.024531e-30 &         2.448381e-31 &              1.444530e-21 &      1.438376e-21 &       2.023581e-21 &               1.803510e-21 &           9.018779e-21 &             4.490550e-27 &             7.176913e-26 &       2.632528e-18 &       3.466206e-13 &             7.031292e-14 &       1.274508e-19 \\
davies2009/mirex\_qm\_tempotracker    &                         8.089822e-16 &                      1.000000e+00 &            8.180215e-06 &         1.504767e-07 &              1.311941e-01 &      1.786588e-01 &       5.084858e-02 &               1.798981e-02 &           1.468811e-01 &             5.634258e-05 &             3.694330e-04 &       6.082551e-44 &       2.336460e-36 &             6.579606e-39 &       4.625290e-01 \\
echonest/version\_3\_2\_1              &                         9.024531e-30 &                      8.180215e-06 &            1.000000e+00 &         2.313946e-01 &              6.397222e-05 &      2.879826e-05 &       1.031083e-03 &               1.029942e-02 &           8.176422e-05 &             2.658893e-01 &             1.235234e-01 &       1.449733e-59 &       6.660227e-52 &             4.271148e-55 &       2.079037e-06 \\
gkiokas2012/default                 &                         2.448381e-31 &                      1.504767e-07 &            2.313946e-01 &         1.000000e+00 &              1.487052e-11 &      7.293101e-12 &       3.923522e-11 &               1.940371e-03 &           9.792518e-12 &             5.148601e-03 &             6.095664e-04 &       1.486226e-54 &       5.742960e-48 &             3.644108e-52 &       7.560392e-15 \\
klapuri2006/percival2014            &                         1.444530e-21 &                      1.311941e-01 &            6.397222e-05 &         1.487052e-11 &              1.000000e+00 &      7.431208e-01 &       1.533817e-01 &               1.929790e-01 &           7.382627e-01 &             4.855102e-06 &             7.966660e-05 &       4.673890e-48 &       8.061956e-41 &             1.867669e-45 &       1.350822e-01 \\
oliveira2010/ibt                    &                         1.438376e-21 &                      1.786588e-01 &            2.879826e-05 &         7.293101e-12 &              7.431208e-01 &      1.000000e+00 &       1.046608e-01 &               1.561206e-01 &           5.892122e-01 &             5.950245e-07 &             1.373602e-05 &       4.502007e-48 &       4.744868e-41 &             4.808065e-46 &       2.235241e-01 \\
percival2014/stem                   &                         2.023581e-21 &                      5.084858e-02 &            1.031083e-03 &         3.923522e-11 &              1.533817e-01 &      1.046608e-01 &       1.000000e+00 &               5.672806e-01 &           2.988080e-01 &             4.059775e-03 &             1.578477e-02 &       5.283131e-46 &       1.502389e-39 &             1.065642e-43 &       9.943071e-03 \\
scheirer1998/percival2014           &                         1.803510e-21 &                      1.798981e-02 &            1.029942e-02 &         1.940371e-03 &              1.929790e-01 &      1.561206e-01 &       5.672806e-01 &               1.000000e+00 &           2.738833e-01 &             1.583092e-01 &             3.992509e-01 &       7.658074e-53 &       5.818626e-47 &             3.847362e-50 &       6.989199e-02 \\
schreiber2014/default               &                         9.018779e-21 &                      1.468811e-01 &            8.176422e-05 &         9.792518e-12 &              7.382627e-01 &      5.892122e-01 &       2.988080e-01 &               2.738833e-01 &           1.000000e+00 &             1.873817e-04 &             9.732314e-04 &       2.277906e-46 &       3.451528e-40 &             8.707300e-45 &       1.353668e-01 \\
schreiber2017/ismir2017             &                         4.490550e-27 &                      5.634258e-05 &            2.658893e-01 &         5.148601e-03 &              4.855102e-06 &      5.950245e-07 &       4.059775e-03 &               1.583092e-01 &           1.873817e-04 &             1.000000e+00 &             2.759244e-01 &       9.715367e-52 &       2.095990e-47 &             2.082049e-50 &       8.720925e-08 \\
schreiber2017/mirex2017             &                         7.176913e-26 &                      3.694330e-04 &            1.235234e-01 &         6.095664e-04 &              7.966660e-05 &      1.373602e-05 &       1.578477e-02 &               3.992509e-01 &           9.732314e-04 &             2.759244e-01 &             1.000000e+00 &       9.516268e-51 &       5.712853e-46 &             5.299725e-49 &       1.332752e-06 \\
schreiber2018/cnn                   &                         2.632528e-18 &                      6.082551e-44 &            1.449733e-59 &         1.486226e-54 &              4.673890e-48 &      4.502007e-48 &       5.283131e-46 &               7.658074e-53 &           2.277906e-46 &             9.715367e-52 &             9.516268e-51 &       1.000000e+00 &       6.368437e-03 &             6.651119e-03 &       4.008817e-45 \\
schreiber2018/fcn                   &                         3.466206e-13 &                      2.336460e-36 &            6.660227e-52 &         5.742960e-48 &              8.061956e-41 &      4.744868e-41 &       1.502389e-39 &               5.818626e-47 &           3.451528e-40 &             2.095990e-47 &             5.712853e-46 &       6.368437e-03 &       1.000000e+00 &             8.796575e-01 &       2.268162e-38 \\
schreiber2018/ismir2018             &                         7.031292e-14 &                      6.579606e-39 &            4.271148e-55 &         3.644108e-52 &              1.867669e-45 &      4.808065e-46 &       1.065642e-43 &               3.847362e-50 &           8.707300e-45 &             2.082049e-50 &             5.299725e-49 &       6.651119e-03 &       8.796575e-01 &             1.000000e+00 &       3.630088e-43 \\
zplane/auftakt\_v3                   &                         1.274508e-19 &                      4.625290e-01 &            2.079037e-06 &         7.560392e-15 &              1.350822e-01 &      2.235241e-01 &       9.943071e-03 &               6.989199e-02 &           1.353668e-01 &             8.720925e-08 &             1.332752e-06 &       4.008817e-45 &       2.268162e-38 &             3.630088e-43 &       1.000000e+00 \\
\bottomrule
\end{tabular}
