\begin{tabular}{lrrrrrrrrrrrrrrrrrr}
\toprule
{} &  boeck2015/tempodetector2016\_default &  boeck2019/multi\_task &  boeck2019/multi\_task\_hjdb &  boeck2020/dar &  davies2009/mirex\_qm\_tempotracker &  echonest/version\_3\_2\_1 &  gkiokas2012/default &  klapuri2006/percival2014 &  oliveira2010/ibt &  percival2014/stem &  scheirer1998/percival2014 &  schreiber2014/default &  schreiber2017/ismir2017 &  schreiber2017/mirex2017 &  schreiber2018/cnn &  schreiber2018/fcn &  schreiber2018/ismir2018 &  zplane/auftakt\_v3 \\
Estimator                           &                                      &                       &                            &                &                                   &                         &                      &                           &                   &                    &                            &                        &                          &                          &                    &                    &                          &                    \\
\midrule
boeck2015/tempodetector2016\_default &                         1.000000e+00 &          3.944673e-27 &               4.192354e-11 &   1.558404e-19 &                      3.974012e-20 &            6.003874e-17 &         7.998418e-01 &              8.993196e-09 &      1.612124e-15 &       2.299246e-04 &               1.602948e-25 &           2.146603e-03 &             1.102522e-01 &             4.185255e-01 &       8.377763e-02 &       5.626438e-03 &             1.906504e-02 &       2.624284e-04 \\
boeck2019/multi\_task                &                         3.944673e-27 &          1.000000e+00 &               2.535957e-01 &   3.794147e-05 &                      7.622884e-25 &            9.639566e-20 &         7.300441e-03 &              2.331532e-11 &      1.068693e-19 &       8.112218e-08 &               8.917405e-28 &           6.792113e-06 &             4.968355e-04 &             2.695542e-03 &       1.256719e-01 &       3.043416e-01 &             3.632842e-01 &       6.223822e-07 \\
boeck2019/multi\_task\_hjdb           &                         4.192354e-11 &          2.535957e-01 &               1.000000e+00 &   2.256031e-01 &                      4.802077e-24 &            1.593298e-19 &         1.581282e-02 &              3.866185e-11 &      2.940574e-19 &       8.206021e-08 &               2.242793e-27 &           1.492096e-05 &             1.127906e-03 &             6.088705e-03 &       2.449705e-01 &       5.315788e-01 &             5.588556e-01 &       1.002813e-06 \\
boeck2020/dar                       &                         1.558404e-19 &          3.794147e-05 &               2.256031e-01 &   1.000000e+00 &                      5.769106e-24 &            2.966813e-19 &         2.972073e-02 &              8.671740e-11 &      6.297019e-19 &       5.500721e-07 &               2.882498e-27 &           2.724502e-05 &             2.154226e-03 &             1.234733e-02 &       4.101754e-01 &       8.385596e-01 &             8.277552e-01 &       3.132605e-06 \\
davies2009/mirex\_qm\_tempotracker    &                         3.974012e-20 &          7.622884e-25 &               4.802077e-24 &   5.769106e-24 &                      1.000000e+00 &            1.055976e-02 &         1.294220e-18 &              3.235698e-02 &      4.180306e-01 &       1.243187e-10 &               6.419423e-09 &           3.619487e-08 &             4.533610e-13 &             1.041623e-15 &       7.405388e-24 &       1.057933e-23 &             1.262990e-24 &       9.473778e-09 \\
echonest/version\_3\_2\_1              &                         6.003874e-17 &          9.639566e-20 &               1.593298e-19 &   2.966813e-19 &                      1.055976e-02 &            1.000000e+00 &         2.745640e-16 &              3.897370e-05 &      1.299813e-03 &       1.281274e-11 &               5.830115e-04 &           3.295226e-11 &             2.880256e-14 &             5.119030e-15 &       1.067885e-17 &       2.441356e-19 &             1.303386e-18 &       2.107925e-11 \\
gkiokas2012/default                 &                         7.998418e-01 &          7.300441e-03 &               1.581282e-02 &   2.972073e-02 &                      1.294220e-18 &            2.745640e-16 &         1.000000e+00 &              3.681080e-08 &      1.737670e-15 &       2.333025e-03 &               8.023958e-25 &           1.263103e-02 &             2.655919e-01 &             6.635225e-01 &       2.084791e-01 &       7.568229e-02 &             9.057545e-02 &       1.028377e-03 \\
klapuri2006/percival2014            &                         8.993196e-09 &          2.331532e-11 &               3.866185e-11 &   8.671740e-11 &                      3.235698e-02 &            3.897370e-05 &         3.681080e-08 &              1.000000e+00 &      1.345758e-01 &       1.538177e-03 &               6.475577e-11 &           1.581558e-03 &             4.890551e-06 &             4.360118e-07 &       1.833949e-10 &       9.409166e-11 &             9.649650e-11 &       1.570877e-03 \\
oliveira2010/ibt                    &                         1.612124e-15 &          1.068693e-19 &               2.940574e-19 &   6.297019e-19 &                      4.180306e-01 &            1.299813e-03 &         1.737670e-15 &              1.345758e-01 &      1.000000e+00 &       1.013003e-07 &               1.477190e-09 &           1.341904e-06 &             8.222851e-11 &             1.274332e-12 &       3.573316e-18 &       1.240646e-18 &             1.108080e-18 &       6.986156e-06 \\
percival2014/stem                   &                         2.299246e-04 &          8.112218e-08 &               8.206021e-08 &   5.500721e-07 &                      1.243187e-10 &            1.281274e-11 &         2.333025e-03 &              1.538177e-03 &      1.013003e-07 &       1.000000e+00 &               1.113596e-18 &           8.555277e-01 &             4.418308e-02 &             6.349658e-03 &       1.644687e-06 &       1.085442e-06 &             6.556488e-07 &       6.789794e-01 \\
scheirer1998/percival2014           &                         1.602948e-25 &          8.917405e-28 &               2.242793e-27 &   2.882498e-27 &                      6.419423e-09 &            5.830115e-04 &         8.023958e-25 &              6.475577e-11 &      1.477190e-09 &       1.113596e-18 &               1.000000e+00 &           1.660930e-17 &             2.310652e-20 &             2.971250e-22 &       4.931327e-26 &       1.942364e-27 &             4.822458e-27 &       5.155668e-18 \\
schreiber2014/default               &                         2.146603e-03 &          6.792113e-06 &               1.492096e-05 &   2.724502e-05 &                      3.619487e-08 &            3.295226e-11 &         1.263103e-02 &              1.581558e-03 &      1.341904e-06 &       8.555277e-01 &               1.660930e-17 &           1.000000e+00 &             1.108461e-02 &             4.697798e-03 &       4.029037e-05 &       1.267577e-05 &             4.305298e-05 &       5.759049e-01 \\
schreiber2017/ismir2017             &                         1.102522e-01 &          4.968355e-04 &               1.127906e-03 &   2.154226e-03 &                      4.533610e-13 &            2.880256e-14 &         2.655919e-01 &              4.890551e-06 &      8.222851e-11 &       4.418308e-02 &               2.310652e-20 &           1.108461e-02 &             1.000000e+00 &             2.657544e-01 &       8.138622e-03 &       1.422720e-03 &             3.083044e-03 &       3.454243e-02 \\
schreiber2017/mirex2017             &                         4.185255e-01 &          2.695542e-03 &               6.088705e-03 &   1.234733e-02 &                      1.041623e-15 &            5.119030e-15 &         6.635225e-01 &              4.360118e-07 &      1.274332e-12 &       6.349658e-03 &               2.971250e-22 &           4.697798e-03 &             2.657544e-01 &             1.000000e+00 &       1.486737e-02 &       6.305646e-03 &             1.406837e-02 &       6.384943e-03 \\
schreiber2018/cnn                   &                         8.377763e-02 &          1.256719e-01 &               2.449705e-01 &   4.101754e-01 &                      7.405388e-24 &            1.067885e-17 &         2.084791e-01 &              1.833949e-10 &      3.573316e-18 &       1.644687e-06 &               4.931327e-26 &           4.029037e-05 &             8.138622e-03 &             1.486737e-02 &       1.000000e+00 &       5.199513e-01 &             4.808793e-01 &       2.088724e-05 \\
schreiber2018/fcn                   &                         5.626438e-03 &          3.043416e-01 &               5.315788e-01 &   8.385596e-01 &                      1.057933e-23 &            2.441356e-19 &         7.568229e-02 &              9.409166e-11 &      1.240646e-18 &       1.085442e-06 &               1.942364e-27 &           1.267577e-05 &             1.422720e-03 &             6.305646e-03 &       5.199513e-01 &       1.000000e+00 &             9.651747e-01 &       2.068492e-06 \\
schreiber2018/ismir2018             &                         1.906504e-02 &          3.632842e-01 &               5.588556e-01 &   8.277552e-01 &                      1.262990e-24 &            1.303386e-18 &         9.057545e-02 &              9.649650e-11 &      1.108080e-18 &       6.556488e-07 &               4.822458e-27 &           4.305298e-05 &             3.083044e-03 &             1.406837e-02 &       4.808793e-01 &       9.651747e-01 &             1.000000e+00 &       6.175416e-06 \\
zplane/auftakt\_v3                   &                         2.624284e-04 &          6.223822e-07 &               1.002813e-06 &   3.132605e-06 &                      9.473778e-09 &            2.107925e-11 &         1.028377e-03 &              1.570877e-03 &      6.986156e-06 &       6.789794e-01 &               5.155668e-18 &           5.759049e-01 &             3.454243e-02 &             6.384943e-03 &       2.088724e-05 &       2.068492e-06 &             6.175416e-06 &       1.000000e+00 \\
\bottomrule
\end{tabular}
