\begin{tabular}{lrrrrrrrrrrr}
\toprule
{} &  boeck2015/tempodetector2016\_default &  boeck2019/multi\_task &  boeck2019/multi\_task\_hjdb &  davies2009/mirex\_qm\_tempotracker &  percival2014/stem &  schreiber2014/default &  schreiber2017/ismir2017 &  schreiber2017/mirex2017 &  schreiber2018/cnn &  schreiber2018/fcn &  schreiber2018/ismir2018 \\
Estimator                           &                                      &                       &                            &                                   &                    &                        &                          &                          &                    &                    &                          \\
\midrule
boeck2015/tempodetector2016\_default &                         1.000000e+00 &          8.471749e-01 &               2.037053e-01 &                      2.631676e-07 &       2.170936e-05 &           4.149354e-11 &             4.735009e-01 &             2.154367e-01 &       4.955166e-03 &       5.661670e-01 &             9.293439e-03 \\
boeck2019/multi\_task                &                         8.471749e-01 &          1.000000e+00 &               1.686913e-01 &                      3.815409e-06 &       2.870083e-05 &           2.449610e-11 &             3.610655e-01 &             2.077100e-01 &       1.078544e-02 &       7.245396e-01 &             1.411306e-02 \\
boeck2019/multi\_task\_hjdb           &                         2.037053e-01 &          1.686913e-01 &               1.000000e+00 &                      4.573243e-05 &       1.258049e-07 &           1.873301e-12 &             8.952025e-02 &             3.809291e-02 &       5.094621e-02 &       6.187601e-01 &             7.916469e-02 \\
davies2009/mirex\_qm\_tempotracker    &                         2.631676e-07 &          3.815409e-06 &               4.573243e-05 &                      1.000000e+00 &       5.738304e-15 &           1.825264e-21 &             8.960272e-10 &             5.442930e-09 &       3.572808e-02 &       1.075896e-04 &             5.716418e-03 \\
percival2014/stem                   &                         2.170936e-05 &          2.870083e-05 &               1.258049e-07 &                      5.738304e-15 &       1.000000e+00 &           8.506796e-04 &             1.631939e-04 &             3.326944e-03 &       1.944786e-09 &       2.387258e-05 &             4.733822e-09 \\
schreiber2014/default               &                         4.149354e-11 &          2.449610e-11 &               1.873301e-12 &                      1.825264e-21 &       8.506796e-04 &           1.000000e+00 &             3.120096e-09 &             8.770371e-09 &       5.734346e-15 &       2.864438e-10 &             4.684416e-15 \\
schreiber2017/ismir2017             &                         4.735009e-01 &          3.610655e-01 &               8.952025e-02 &                      8.960272e-10 &       1.631939e-04 &           3.120096e-09 &             1.000000e+00 &             6.121231e-01 &       3.906625e-03 &       3.002137e-01 &             3.174067e-03 \\
schreiber2017/mirex2017             &                         2.154367e-01 &          2.077100e-01 &               3.809291e-02 &                      5.442930e-09 &       3.326944e-03 &           8.770371e-09 &             6.121231e-01 &             1.000000e+00 &       6.011147e-04 &       1.209927e-01 &             1.411948e-03 \\
schreiber2018/cnn                   &                         4.955166e-03 &          1.078544e-02 &               5.094621e-02 &                      3.572808e-02 &       1.944786e-09 &           5.734346e-15 &             3.906625e-03 &             6.011147e-04 &       1.000000e+00 &       1.253878e-02 &             6.438401e-01 \\
schreiber2018/fcn                   &                         5.661670e-01 &          7.245396e-01 &               6.187601e-01 &                      1.075896e-04 &       2.387258e-05 &           2.864438e-10 &             3.002137e-01 &             1.209927e-01 &       1.253878e-02 &       1.000000e+00 &             4.392250e-02 \\
schreiber2018/ismir2018             &                         9.293439e-03 &          1.411306e-02 &               7.916469e-02 &                      5.716418e-03 &       4.733822e-09 &           4.684416e-15 &             3.174067e-03 &             1.411948e-03 &       6.438401e-01 &       4.392250e-02 &             1.000000e+00 \\
\bottomrule
\end{tabular}
