\begin{tabular}{lrrrrrrrrrrrr}
\toprule
{} &  boeck2015/tempodetector2016\_default &  boeck2019/multi\_task &  boeck2019/multi\_task\_hjdb &  boeck2020/dar &  davies2009/mirex\_qm\_tempotracker &  percival2014/stem &  schreiber2014/default &  schreiber2017/ismir2017 &  schreiber2017/mirex2017 &  schreiber2018/cnn &  schreiber2018/fcn &  schreiber2018/ismir2018 \\
Estimator                           &                                      &                       &                            &                &                                   &                    &                        &                          &                          &                    &                    &                          \\
\midrule
boeck2015/tempodetector2016\_default &                         1.000000e+00 &          2.514168e-01 &               2.981777e-01 &   2.934279e-02 &                      4.912485e-08 &       8.429863e-01 &               0.524809 &             1.912695e-01 &                 0.758434 &       1.736935e-01 &       3.479456e-02 &             7.440887e-02 \\
boeck2019/multi\_task                &                         2.514168e-01 &          1.000000e+00 &               3.126086e-01 &   5.891587e-01 &                      3.124310e-07 &       2.600574e-01 &               0.868483 &             9.716710e-01 &                 0.331851 &       7.714428e-01 &       8.737663e-01 &             4.540946e-01 \\
boeck2019/multi\_task\_hjdb           &                         2.981777e-01 &          3.126086e-01 &               1.000000e+00 &   5.233186e-01 &                      5.050068e-07 &       3.090490e-01 &               0.834836 &             9.638392e-01 &                 0.364082 &       7.206539e-01 &       8.034340e-01 &             4.277244e-01 \\
boeck2020/dar                       &                         2.934279e-02 &          5.891587e-01 &               5.233186e-01 &   1.000000e+00 &                      1.012496e-08 &       2.611614e-02 &               0.954493 &             5.979045e-01 &                 0.166971 &       8.971716e-01 &       6.578462e-01 &             6.241636e-01 \\
davies2009/mirex\_qm\_tempotracker    &                         4.912485e-08 &          3.124310e-07 &               5.050068e-07 &   1.012496e-08 &                      1.000000e+00 &       3.178087e-08 &               0.000908 &             7.411609e-15 &                 0.000031 &       2.988015e-07 &       9.730300e-09 &             1.999217e-07 \\
percival2014/stem                   &                         8.429863e-01 &          2.600574e-01 &               3.090490e-01 &   2.611614e-02 &                      3.178087e-08 &       1.000000e+00 &               0.533849 &             1.918552e-01 &                 0.723314 &       1.879597e-01 &       3.786417e-02 &             7.996534e-02 \\
schreiber2014/default               &                         5.248092e-01 &          8.684829e-01 &               8.348356e-01 &   9.544930e-01 &                      9.077942e-04 &       5.338494e-01 &               1.000000 &             8.442465e-01 &                 0.396082 &       9.939430e-01 &       9.221325e-01 &             7.627456e-01 \\
schreiber2017/ismir2017             &                         1.912695e-01 &          9.716710e-01 &               9.638392e-01 &   5.979045e-01 &                      7.411609e-15 &       1.918552e-01 &               0.844247 &             1.000000e+00 &                 0.157880 &       7.600732e-01 &       8.222344e-01 &             3.918274e-01 \\
schreiber2017/mirex2017             &                         7.584344e-01 &          3.318513e-01 &               3.640823e-01 &   1.669713e-01 &                      3.132570e-05 &       7.233143e-01 &               0.396082 &             1.578798e-01 &                 1.000000 &       3.599180e-01 &       2.479666e-01 &             2.011363e-01 \\
schreiber2018/cnn                   &                         1.736935e-01 &          7.714428e-01 &               7.206539e-01 &   8.971716e-01 &                      2.988015e-07 &       1.879597e-01 &               0.993943 &             7.600732e-01 &                 0.359918 &       1.000000e+00 &       8.655178e-01 &             4.252212e-01 \\
schreiber2018/fcn                   &                         3.479456e-02 &          8.737663e-01 &               8.034340e-01 &   6.578462e-01 &                      9.730300e-09 &       3.786417e-02 &               0.922132 &             8.222344e-01 &                 0.247967 &       8.655178e-01 &       1.000000e+00 &             4.054684e-01 \\
schreiber2018/ismir2018             &                         7.440887e-02 &          4.540946e-01 &               4.277244e-01 &   6.241636e-01 &                      1.999217e-07 &       7.996534e-02 &               0.762746 &             3.918274e-01 &                 0.201136 &       4.252212e-01 &       4.054684e-01 &             1.000000e+00 \\
\bottomrule
\end{tabular}
