\begin{tabular}{lrrrrrrrrr}
\toprule
{} &  boeck2015/tempodetector2016\_default &  davies2009/mirex\_qm\_tempotracker &  percival2014/stem &  schreiber2014/default &  schreiber2017/ismir2017 &  schreiber2017/mirex2017 &  schreiber2018/cnn &  schreiber2018/fcn &  schreiber2018/ismir2018 \\
Estimator                           &                                      &                                   &                    &                        &                          &                          &                    &                    &                          \\
\midrule
boeck2015/tempodetector2016\_default &                         1.000000e+00 &                      2.631676e-07 &       2.170936e-05 &           4.149354e-11 &             2.542250e-08 &             2.542250e-08 &       4.955166e-03 &       5.661670e-01 &             9.293439e-03 \\
davies2009/mirex\_qm\_tempotracker    &                         2.631676e-07 &                      1.000000e+00 &       5.738304e-15 &           1.825264e-21 &             1.018825e-19 &             1.018825e-19 &       3.572808e-02 &       1.075896e-04 &             5.716418e-03 \\
percival2014/stem                   &                         2.170936e-05 &                      5.738304e-15 &       1.000000e+00 &           8.506796e-04 &             8.718259e-03 &             8.718259e-03 &       1.944786e-09 &       2.387258e-05 &             4.733822e-09 \\
schreiber2014/default               &                         4.149354e-11 &                      1.825264e-21 &       8.506796e-04 &           1.000000e+00 &             7.690364e-01 &             7.690364e-01 &       5.734346e-15 &       2.864438e-10 &             4.684416e-15 \\
schreiber2017/ismir2017             &                         2.542250e-08 &                      1.018825e-19 &       8.718259e-03 &           7.690364e-01 &             1.000000e+00 &             1.000000e+00 &       1.187428e-12 &       5.858021e-08 &             3.362277e-13 \\
schreiber2017/mirex2017             &                         2.542250e-08 &                      1.018825e-19 &       8.718259e-03 &           7.690364e-01 &             1.000000e+00 &             1.000000e+00 &       1.187428e-12 &       5.858021e-08 &             3.362277e-13 \\
schreiber2018/cnn                   &                         4.955166e-03 &                      3.572808e-02 &       1.944786e-09 &           5.734346e-15 &             1.187428e-12 &             1.187428e-12 &       1.000000e+00 &       1.253878e-02 &             6.438401e-01 \\
schreiber2018/fcn                   &                         5.661670e-01 &                      1.075896e-04 &       2.387258e-05 &           2.864438e-10 &             5.858021e-08 &             5.858021e-08 &       1.253878e-02 &       1.000000e+00 &             4.392250e-02 \\
schreiber2018/ismir2018             &                         9.293439e-03 &                      5.716418e-03 &       4.733822e-09 &           4.684416e-15 &             3.362277e-13 &             3.362277e-13 &       6.438401e-01 &       4.392250e-02 &             1.000000e+00 \\
\bottomrule
\end{tabular}
