\begin{tabular}{lrrrrrrrrrrrr}
\toprule
{} &  boeck2015/tempodetector2016\_default &  boeck2019/multi\_task &  boeck2019/multi\_task\_hjdb &  boeck2020/dar &  davies2009/mirex\_qm\_tempotracker &  percival2014/stem &  schreiber2014/default &  schreiber2017/ismir2017 &  schreiber2017/mirex2017 &  schreiber2018/cnn &  schreiber2018/fcn &  schreiber2018/ismir2018 \\
Estimator                           &                                      &                       &                            &                &                                   &                    &                        &                          &                          &                    &                    &                          \\
\midrule
boeck2015/tempodetector2016\_default &                         1.000000e+00 &              0.029395 &                   0.445814 &       0.391051 &                          0.001388 &           0.000879 &           6.115331e-09 &                 0.014009 &                 0.024079 &           0.037289 &           0.068660 &                 0.189739 \\
boeck2019/multi\_task                &                         2.939457e-02 &              1.000000 &                   0.019206 &       0.105188 &                          0.206828 &           0.248718 &           9.145165e-05 &                 0.712816 &                 0.954377 &           0.933790 &           0.728550 &                 0.413179 \\
boeck2019/multi\_task\_hjdb           &                         4.458143e-01 &              0.019206 &                   1.000000 &       0.897259 &                          0.010549 &           0.008721 &           1.236576e-06 &                 0.080536 &                 0.161227 &           0.110120 &           0.242381 &                 0.442182 \\
boeck2020/dar                       &                         3.910508e-01 &              0.105188 &                   0.897259 &       1.000000 &                          0.017388 &           0.018600 &           3.360523e-06 &                 0.116048 &                 0.198105 &           0.073389 &           0.272257 &                 0.488121 \\
davies2009/mirex\_qm\_tempotracker    &                         1.388485e-03 &              0.206828 &                   0.010549 &       0.017388 &                          1.000000 &           0.813513 &           3.191105e-02 &                 0.275106 &                 0.221032 &           0.281209 &           0.159796 &                 0.043254 \\
percival2014/stem                   &                         8.787667e-04 &              0.248718 &                   0.008721 &       0.018600 &                          0.813513 &           1.000000 &           4.744201e-04 &                 0.354001 &                 0.260123 &           0.354758 &           0.169279 &                 0.091637 \\
schreiber2014/default               &                         6.115331e-09 &              0.000091 &                   0.000001 &       0.000003 &                          0.031911 &           0.000474 &           1.000000e+00 &                 0.000238 &                 0.000043 &           0.001094 &           0.000128 &                 0.000048 \\
schreiber2017/ismir2017             &                         1.400868e-02 &              0.712816 &                   0.080536 &       0.116048 &                          0.275106 &           0.354001 &           2.382153e-04 &                 1.000000 &                 0.740231 &           0.828412 &           0.563568 &                 0.301230 \\
schreiber2017/mirex2017             &                         2.407852e-02 &              0.954377 &                   0.161227 &       0.198105 &                          0.221032 &           0.260123 &           4.282111e-05 &                 0.740231 &                 1.000000 &           0.981983 &           0.716949 &                 0.471465 \\
schreiber2018/cnn                   &                         3.728879e-02 &              0.933790 &                   0.110120 &       0.073389 &                          0.281209 &           0.354758 &           1.094430e-03 &                 0.828412 &                 0.981983 &           1.000000 &           0.646853 &                 0.261510 \\
schreiber2018/fcn                   &                         6.866042e-02 &              0.728550 &                   0.242381 &       0.272257 &                          0.159796 &           0.169279 &           1.278041e-04 &                 0.563568 &                 0.716949 &           0.646853 &           1.000000 &                 0.650415 \\
schreiber2018/ismir2018             &                         1.897390e-01 &              0.413179 &                   0.442182 &       0.488121 &                          0.043254 &           0.091637 &           4.782032e-05 &                 0.301230 &                 0.471465 &           0.261510 &           0.650415 &                 1.000000 \\
\bottomrule
\end{tabular}
