\begin{tabular}{lrrrrrrrrr}
\toprule
{} &  boeck2015/tempodetector2016\_default &  davies2009/mirex\_qm\_tempotracker &  percival2014/stem &  schreiber2014/default &  schreiber2017/ismir2017 &  schreiber2017/mirex2017 &  schreiber2018/cnn &  schreiber2018/fcn &  schreiber2018/ismir2018 \\
Estimator                           &                                      &                                   &                    &                        &                          &                          &                    &                    &                          \\
\midrule
boeck2015/tempodetector2016\_default &                         1.000000e+00 &                      8.647949e-07 &       5.584913e-09 &           2.330230e-06 &             3.280193e-01 &             3.280193e-01 &           0.021095 &       9.544901e-03 &                 0.050473 \\
davies2009/mirex\_qm\_tempotracker    &                         8.647949e-07 &                      1.000000e+00 &       4.183153e-09 &           2.353340e-01 &             4.161529e-08 &             4.161529e-08 &           0.016949 &       1.395533e-04 &                 0.041593 \\
percival2014/stem                   &                         5.584913e-09 &                      4.183153e-09 &       1.000000e+00 &           3.439955e-08 &             9.503400e-03 &             9.503400e-03 &           0.000248 &       9.511878e-08 &                 0.002741 \\
schreiber2014/default               &                         2.330230e-06 &                      2.353340e-01 &       3.439955e-08 &           1.000000e+00 &             8.277379e-07 &             8.277379e-07 &           0.000030 &       9.271826e-06 &                 0.001473 \\
schreiber2017/ismir2017             &                         3.280193e-01 &                      4.161529e-08 &       9.503400e-03 &           8.277379e-07 &             1.000000e+00 &             1.000000e+00 &           0.211110 &       5.790037e-01 &                 0.261049 \\
schreiber2017/mirex2017             &                         3.280193e-01 &                      4.161529e-08 &       9.503400e-03 &           8.277379e-07 &             1.000000e+00 &             1.000000e+00 &           0.211110 &       5.790037e-01 &                 0.261049 \\
schreiber2018/cnn                   &                         2.109471e-02 &                      1.694864e-02 &       2.479372e-04 &           2.973907e-05 &             2.111103e-01 &             2.111103e-01 &           1.000000 &       3.097987e-01 &                 0.896918 \\
schreiber2018/fcn                   &                         9.544901e-03 &                      1.395533e-04 &       9.511878e-08 &           9.271826e-06 &             5.790037e-01 &             5.790037e-01 &           0.309799 &       1.000000e+00 &                 0.378312 \\
schreiber2018/ismir2018             &                         5.047303e-02 &                      4.159306e-02 &       2.741136e-03 &           1.472786e-03 &             2.610488e-01 &             2.610488e-01 &           0.896918 &       3.783116e-01 &                 1.000000 \\
\bottomrule
\end{tabular}
