\begin{tabular}{lrrrrrrrr}
\toprule
{} &  boeck2015/tempodetector2016\_default &  davies2009/mirex\_qm\_tempotracker &  percival2014/stem &  schreiber2014/default &  schreiber2017/ismir2017 &  schreiber2017/mirex2017 &  schreiber2018/cnn &  schreiber2018/fcn \\
Estimator                           &                                      &                                   &                    &                        &                          &                          &                    &                    \\
\midrule
boeck2015/tempodetector2016\_default &                         1.000000e+00 &                      2.967328e-78 &       1.254314e-16 &           5.214786e-03 &             5.420174e-04 &             5.007958e-03 &       3.062928e-02 &       9.319544e-03 \\
davies2009/mirex\_qm\_tempotracker    &                         2.967328e-78 &                      1.000000e+00 &       1.101760e-32 &           4.178074e-56 &             5.182664e-53 &             4.993221e-57 &       2.610905e-90 &       3.794932e-90 \\
percival2014/stem                   &                         1.254314e-16 &                      1.101760e-32 &       1.000000e+00 &           1.797738e-07 &             3.869543e-06 &             1.741091e-07 &       4.711374e-23 &       1.159693e-24 \\
schreiber2014/default               &                         5.214786e-03 &                      4.178074e-56 &       1.797738e-07 &           1.000000e+00 &             3.508219e-01 &             9.562324e-01 &       1.531041e-06 &       2.216194e-07 \\
schreiber2017/ismir2017             &                         5.420174e-04 &                      5.182664e-53 &       3.869543e-06 &           3.508219e-01 &             1.000000e+00 &             3.558272e-02 &       2.664604e-08 &       7.161332e-09 \\
schreiber2017/mirex2017             &                         5.007958e-03 &                      4.993221e-57 &       1.741091e-07 &           9.562324e-01 &             3.558272e-02 &             1.000000e+00 &       9.344131e-07 &       2.581595e-07 \\
schreiber2018/cnn                   &                         3.062928e-02 &                      2.610905e-90 &       4.711374e-23 &           1.531041e-06 &             2.664604e-08 &             9.344131e-07 &       1.000000e+00 &       6.766573e-01 \\
schreiber2018/fcn                   &                         9.319544e-03 &                      3.794932e-90 &       1.159693e-24 &           2.216194e-07 &             7.161332e-09 &             2.581595e-07 &       6.766573e-01 &       1.000000e+00 \\
\bottomrule
\end{tabular}
