\begin{tabular}{lrrrrrrrr}
\toprule
{} &  boeck2015/tempodetector2016\_default &  davies2009/mirex\_qm\_tempotracker &  percival2014/stem &  schreiber2014/default &  schreiber2017/ismir2017 &  schreiber2017/mirex2017 &  schreiber2018/cnn &  schreiber2018/fcn \\
Estimator                           &                                      &                                   &                    &                        &                          &                          &                    &                    \\
\midrule
boeck2015/tempodetector2016\_default &                         1.000000e+00 &                      8.659837e-87 &       2.942518e-11 &           1.577776e-02 &             8.672290e-06 &             7.298156e-06 &       1.146357e-10 &       6.412669e-01 \\
davies2009/mirex\_qm\_tempotracker    &                         8.659837e-87 &                      1.000000e+00 &       9.745383e-29 &           1.295185e-93 &             1.848093e-97 &             7.479961e-98 &       4.939450e-45 &       1.613356e-82 \\
percival2014/stem                   &                         2.942518e-11 &                      9.745383e-29 &       1.000000e+00 &           4.661948e-16 &             2.668029e-19 &             2.859320e-19 &       8.019820e-02 &       4.757827e-10 \\
schreiber2014/default               &                         1.577776e-02 &                      1.295185e-93 &       4.661948e-16 &           1.000000e+00 &             9.988032e-03 &             1.071429e-02 &       3.760271e-18 &       4.780971e-03 \\
schreiber2017/ismir2017             &                         8.672290e-06 &                      1.848093e-97 &       2.668029e-19 &           9.988032e-03 &             1.000000e+00 &             8.959045e-01 &       1.596253e-23 &       7.115482e-07 \\
schreiber2017/mirex2017             &                         7.298156e-06 &                      7.479961e-98 &       2.859320e-19 &           1.071429e-02 &             8.959045e-01 &             1.000000e+00 &       4.537188e-23 &       8.062483e-07 \\
schreiber2018/cnn                   &                         1.146357e-10 &                      4.939450e-45 &       8.019820e-02 &           3.760271e-18 &             1.596253e-23 &             4.537188e-23 &       1.000000e+00 &       2.473541e-10 \\
schreiber2018/fcn                   &                         6.412669e-01 &                      1.613356e-82 &       4.757827e-10 &           4.780971e-03 &             7.115482e-07 &             8.062483e-07 &       2.473541e-10 &       1.000000e+00 \\
\bottomrule
\end{tabular}
