\begin{tabular}{lrrrrrrrr}
\toprule
{} &  boeck2015/tempodetector2016\_default &  davies2009/mirex\_qm\_tempotracker &  percival2014/stem &  schreiber2014/default &  schreiber2017/ismir2017 &  schreiber2017/mirex2017 &  schreiber2018/cnn &  schreiber2018/fcn \\
Estimator                           &                                      &                                   &                    &                        &                          &                          &                    &                    \\
\midrule
boeck2015/tempodetector2016\_default &                         1.000000e+00 &                      1.878810e-11 &       3.628286e-01 &           2.925184e-03 &             2.423347e-08 &             1.127714e-07 &       1.454004e-58 &       6.396237e-18 \\
davies2009/mirex\_qm\_tempotracker    &                         1.878810e-11 &                      1.000000e+00 &       2.040243e-08 &           1.836798e-18 &             1.320907e-32 &             3.452996e-31 &      3.313710e-100 &       2.992296e-44 \\
percival2014/stem                   &                         3.628286e-01 &                      2.040243e-08 &       1.000000e+00 &           1.145901e-05 &             9.411206e-13 &             3.911362e-10 &       1.621895e-55 &       2.034092e-19 \\
schreiber2014/default               &                         2.925184e-03 &                      1.836798e-18 &       1.145901e-05 &           1.000000e+00 &             4.097916e-03 &             3.171817e-02 &       3.220216e-32 &       1.297485e-07 \\
schreiber2017/ismir2017             &                         2.423347e-08 &                      1.320907e-32 &       9.411206e-13 &           4.097916e-03 &             1.000000e+00 &             4.764307e-01 &       3.469903e-24 &       1.848557e-03 \\
schreiber2017/mirex2017             &                         1.127714e-07 &                      3.452996e-31 &       3.911362e-10 &           3.171817e-02 &             4.764307e-01 &             1.000000e+00 &       3.284636e-28 &       2.059721e-04 \\
schreiber2018/cnn                   &                         1.454004e-58 &                     3.313710e-100 &       1.621895e-55 &           3.220216e-32 &             3.469903e-24 &             3.284636e-28 &       1.000000e+00 &       4.435493e-15 \\
schreiber2018/fcn                   &                         6.396237e-18 &                      2.992296e-44 &       2.034092e-19 &           1.297485e-07 &             1.848557e-03 &             2.059721e-04 &       4.435493e-15 &       1.000000e+00 \\
\bottomrule
\end{tabular}
