\begin{tabular}{lrrrrrrrr}
\toprule
{} &  boeck2015/tempodetector2016\_default &  davies2009/mirex\_qm\_tempotracker &  percival2014/stem &  schreiber2014/default &  schreiber2017/ismir2017 &  schreiber2017/mirex2017 &  schreiber2018/cnn &  schreiber2018/fcn \\
Estimator                           &                                      &                                   &                    &                        &                          &                          &                    &                    \\
\midrule
boeck2015/tempodetector2016\_default &                         1.000000e+00 &                      9.948299e-02 &       8.858257e-05 &           8.812080e-17 &             5.841527e-19 &             4.868391e-06 &      6.938940e-101 &       2.315131e-31 \\
davies2009/mirex\_qm\_tempotracker    &                         9.948299e-02 &                      1.000000e+00 &       5.414575e-03 &           2.315892e-12 &             5.382688e-15 &             1.290689e-03 &       1.664360e-88 &       9.444822e-23 \\
percival2014/stem                   &                         8.858257e-05 &                      5.414575e-03 &       1.000000e+00 &           1.310632e-07 &             1.269525e-08 &             5.452430e-01 &       4.036095e-55 &       2.340765e-12 \\
schreiber2014/default               &                         8.812080e-17 &                      2.315892e-12 &       1.310632e-07 &           1.000000e+00 &             6.533794e-01 &             3.937335e-05 &       6.643490e-32 &       4.154964e-03 \\
schreiber2017/ismir2017             &                         5.841527e-19 &                      5.382688e-15 &       1.269525e-08 &           6.533794e-01 &             1.000000e+00 &             1.054362e-10 &       2.484834e-31 &       9.373305e-03 \\
schreiber2017/mirex2017             &                         4.868391e-06 &                      1.290689e-03 &       5.452430e-01 &           3.937335e-05 &             1.054362e-10 &             1.000000e+00 &       1.176398e-55 &       2.359823e-12 \\
schreiber2018/cnn                   &                        6.938940e-101 &                      1.664360e-88 &       4.036095e-55 &           6.643490e-32 &             2.484834e-31 &             1.176398e-55 &       1.000000e+00 &       1.270267e-25 \\
schreiber2018/fcn                   &                         2.315131e-31 &                      9.444822e-23 &       2.340765e-12 &           4.154964e-03 &             9.373305e-03 &             2.359823e-12 &       1.270267e-25 &       1.000000e+00 \\
\bottomrule
\end{tabular}
