\begin{tabular}{lrrrrrrrr}
\toprule
{} &  boeck2015/tempodetector2016\_default &  davies2009/mirex\_qm\_tempotracker &  percival2014/stem &  schreiber2014/default &  schreiber2017/ismir2017 &  schreiber2017/mirex2017 &  schreiber2018/cnn &  schreiber2018/fcn \\
Estimator                           &                                      &                                   &                    &                        &                          &                          &                    &                    \\
\midrule
boeck2015/tempodetector2016\_default &                         1.000000e+00 &                     1.011620e-112 &       2.653095e-07 &           5.732134e-01 &             1.496319e-01 &             1.584745e-01 &       4.335347e-11 &       8.789953e-08 \\
davies2009/mirex\_qm\_tempotracker    &                        1.011620e-112 &                      1.000000e+00 &       2.127657e-41 &          1.370940e-100 &             6.729645e-76 &             8.024250e-75 &      4.925767e-160 &      1.161492e-146 \\
percival2014/stem                   &                         2.653095e-07 &                      2.127657e-41 &       1.000000e+00 &           1.325582e-07 &             7.679249e-05 &             8.530588e-05 &       5.886954e-21 &       4.041974e-17 \\
schreiber2014/default               &                         5.732134e-01 &                     1.370940e-100 &       1.325582e-07 &           1.000000e+00 &             5.515320e-02 &             6.158927e-02 &       6.260843e-09 &       5.944700e-06 \\
schreiber2017/ismir2017             &                         1.496319e-01 &                      6.729645e-76 &       7.679249e-05 &           5.515320e-02 &             1.000000e+00 &             9.928319e-01 &       2.108108e-11 &       1.791497e-08 \\
schreiber2017/mirex2017             &                         1.584745e-01 &                      8.024250e-75 &       8.530588e-05 &           6.158927e-02 &             9.928319e-01 &             1.000000e+00 &       4.501700e-11 &       2.753211e-08 \\
schreiber2018/cnn                   &                         4.335347e-11 &                     4.925767e-160 &       5.886954e-21 &           6.260843e-09 &             2.108108e-11 &             4.501700e-11 &       1.000000e+00 &       1.267230e-01 \\
schreiber2018/fcn                   &                         8.789953e-08 &                     1.161492e-146 &       4.041974e-17 &           5.944700e-06 &             1.791497e-08 &             2.753211e-08 &       1.267230e-01 &       1.000000e+00 \\
\bottomrule
\end{tabular}
