\begin{tabular}{lrrrrrrrr}
\toprule
{} &  boeck2015/tempodetector2016\_default &  davies2009/mirex\_qm\_tempotracker &  percival2014/stem &  schreiber2014/default &  schreiber2017/ismir2017 &  schreiber2017/mirex2017 &  schreiber2018/cnn &  schreiber2018/fcn \\
Estimator                           &                                      &                                   &                    &                        &                          &                          &                    &                    \\
\midrule
boeck2015/tempodetector2016\_default &                         1.000000e+00 &                      1.592693e-56 &      3.929359e-190 &          1.580705e-179 &            8.154838e-106 &            2.329891e-144 &       1.158973e-07 &       8.925173e-42 \\
davies2009/mirex\_qm\_tempotracker    &                         1.592693e-56 &                      1.000000e+00 &       0.000000e+00 &           0.000000e+00 &             0.000000e+00 &             0.000000e+00 &      8.747218e-118 &      1.982249e-194 \\
percival2014/stem                   &                        3.929359e-190 &                      0.000000e+00 &       1.000000e+00 &           2.019081e-03 &             3.489729e-07 &             9.508887e-01 &      2.783649e-179 &       1.788502e-77 \\
schreiber2014/default               &                        1.580705e-179 &                      0.000000e+00 &       2.019081e-03 &           1.000000e+00 &             5.858710e-03 &             1.727416e-02 &      5.023538e-176 &       1.080085e-70 \\
schreiber2017/ismir2017             &                        8.154838e-106 &                      0.000000e+00 &       3.489729e-07 &           5.858710e-03 &             1.000000e+00 &             2.688327e-58 &       1.599559e-95 &       1.884925e-33 \\
schreiber2017/mirex2017             &                        2.329891e-144 &                      0.000000e+00 &       9.508887e-01 &           1.727416e-02 &             2.688327e-58 &             1.000000e+00 &      4.086751e-141 &       2.329523e-62 \\
schreiber2018/cnn                   &                         1.158973e-07 &                     8.747218e-118 &      2.783649e-179 &          5.023538e-176 &             1.599559e-95 &            4.086751e-141 &       1.000000e+00 &       9.116884e-30 \\
schreiber2018/fcn                   &                         8.925173e-42 &                     1.982249e-194 &       1.788502e-77 &           1.080085e-70 &             1.884925e-33 &             2.329523e-62 &       9.116884e-30 &       1.000000e+00 \\
\bottomrule
\end{tabular}
