\begin{tabular}{lrrrrrrrr}
\toprule
{} &  boeck2015/tempodetector2016\_default &  davies2009/mirex\_qm\_tempotracker &  percival2014/stem &  schreiber2014/default &  schreiber2017/ismir2017 &  schreiber2017/mirex2017 &  schreiber2018/cnn &  schreiber2018/fcn \\
Estimator                           &                                      &                                   &                    &                        &                          &                          &                    &                    \\
\midrule
boeck2015/tempodetector2016\_default &                         1.000000e+00 &                     1.011620e-112 &       2.653095e-07 &           5.732134e-01 &             4.759373e-01 &             5.329650e-01 &       4.335347e-11 &       8.789953e-08 \\
davies2009/mirex\_qm\_tempotracker    &                        1.011620e-112 &                      1.000000e+00 &       2.127657e-41 &          1.370940e-100 &             1.300705e-89 &             5.730830e-87 &      4.925767e-160 &      1.161492e-146 \\
percival2014/stem                   &                         2.653095e-07 &                      2.127657e-41 &       1.000000e+00 &           1.325582e-07 &             5.773434e-06 &             3.761968e-06 &       5.886954e-21 &       4.041974e-17 \\
schreiber2014/default               &                         5.732134e-01 &                     1.370940e-100 &       1.325582e-07 &           1.000000e+00 &             1.461403e-01 &             2.779774e-01 &       6.260843e-09 &       5.944700e-06 \\
schreiber2017/ismir2017             &                         4.759373e-01 &                      1.300705e-89 &       5.773434e-06 &           1.461403e-01 &             1.000000e+00 &             9.209244e-01 &       4.462026e-12 &       2.599767e-08 \\
schreiber2017/mirex2017             &                         5.329650e-01 &                      5.730830e-87 &       3.761968e-06 &           2.779774e-01 &             9.209244e-01 &             1.000000e+00 &       2.462236e-10 &       2.812848e-07 \\
schreiber2018/cnn                   &                         4.335347e-11 &                     4.925767e-160 &       5.886954e-21 &           6.260843e-09 &             4.462026e-12 &             2.462236e-10 &       1.000000e+00 &       1.267230e-01 \\
schreiber2018/fcn                   &                         8.789953e-08 &                     1.161492e-146 &       4.041974e-17 &           5.944700e-06 &             2.599767e-08 &             2.812848e-07 &       1.267230e-01 &       1.000000e+00 \\
\bottomrule
\end{tabular}
