\begin{tabular}{lrrrrrrrrr}
\toprule
{} &  boeck2015/tempodetector2016\_default &  davies2009/mirex\_qm\_tempotracker &  percival2014/stem &  schreiber2014/default &  schreiber2017/ismir2017 &  schreiber2017/mirex2017 &  schreiber2018/cnn &  schreiber2018/fcn &  schreiber2018/ismir2018 \\
Estimator                           &                                      &                                   &                    &                        &                          &                          &                    &                    &                          \\
\midrule
boeck2015/tempodetector2016\_default &                         1.000000e+00 &                      1.614683e-40 &       5.844863e-03 &           1.841898e-01 &             1.579267e-24 &             5.938326e-01 &       3.908136e-04 &       6.991375e-03 &             2.181315e-02 \\
davies2009/mirex\_qm\_tempotracker    &                         1.614683e-40 &                      1.000000e+00 &       5.779625e-37 &           2.321854e-35 &             1.045063e-07 &             5.702235e-36 &       5.774989e-37 &       2.802540e-40 &             3.016530e-41 \\
percival2014/stem                   &                         5.844863e-03 &                      5.779625e-37 &       1.000000e+00 &           1.246918e-03 &             1.767381e-22 &             7.855227e-02 &       6.474040e-01 &       5.070812e-01 &             1.976902e-01 \\
schreiber2014/default               &                         1.841898e-01 &                      2.321854e-35 &       1.246918e-03 &           1.000000e+00 &             4.127725e-25 &             4.139180e-02 &       5.355326e-04 &       1.499610e-03 &             3.497954e-03 \\
schreiber2017/ismir2017             &                         1.579267e-24 &                      1.045063e-07 &       1.767381e-22 &           4.127725e-25 &             1.000000e+00 &             8.200223e-24 &       3.304174e-22 &       8.238057e-23 &             4.864538e-23 \\
schreiber2017/mirex2017             &                         5.938326e-01 &                      5.702235e-36 &       7.855227e-02 &           4.139180e-02 &             8.200223e-24 &             1.000000e+00 &       6.577849e-03 &       7.379060e-02 &             1.730822e-01 \\
schreiber2018/cnn                   &                         3.908136e-04 &                      5.774989e-37 &       6.474040e-01 &           5.355326e-04 &             3.304174e-22 &             6.577849e-03 &       1.000000e+00 &       2.010173e-01 &             1.021384e-01 \\
schreiber2018/fcn                   &                         6.991375e-03 &                      2.802540e-40 &       5.070812e-01 &           1.499610e-03 &             8.238057e-23 &             7.379060e-02 &       2.010173e-01 &       1.000000e+00 &             1.530245e-01 \\
schreiber2018/ismir2018             &                         2.181315e-02 &                      3.016530e-41 &       1.976902e-01 &           3.497954e-03 &             4.864538e-23 &             1.730822e-01 &       1.021384e-01 &       1.530245e-01 &             1.000000e+00 \\
\bottomrule
\end{tabular}
