\begin{tabular}{lrrrrrrrrr}
\toprule
{} &  boeck2015/tempodetector2016\_default &  davies2009/mirex\_qm\_tempotracker &  percival2014/stem &  schreiber2014/default &  schreiber2017/ismir2017 &  schreiber2017/mirex2017 &  schreiber2018/cnn &  schreiber2018/fcn &  schreiber2018/ismir2018 \\
Estimator                           &                                      &                                   &                    &                        &                          &                          &                    &                    &                          \\
\midrule
boeck2015/tempodetector2016\_default &                         1.000000e+00 &                      6.836789e-75 &       3.140591e-08 &           9.937854e-02 &             3.024253e-02 &             3.024253e-02 &       1.446194e-03 &       5.745917e-04 &             5.041914e-03 \\
davies2009/mirex\_qm\_tempotracker    &                         6.836789e-75 &                      1.000000e+00 &       5.313554e-67 &           2.457292e-74 &             1.420955e-76 &             1.420955e-76 &       1.705774e-75 &       6.755428e-74 &             2.261512e-75 \\
percival2014/stem                   &                         3.140591e-08 &                      5.313554e-67 &       1.000000e+00 &           4.243455e-05 &             8.240604e-06 &             8.240604e-06 &       8.264537e-05 &       1.712725e-04 &             5.374269e-05 \\
schreiber2014/default               &                         9.937854e-02 &                      2.457292e-74 &       4.243455e-05 &           1.000000e+00 &             7.546240e-01 &             7.546240e-01 &       1.340754e-01 &       7.996838e-02 &             2.735359e-01 \\
schreiber2017/ismir2017             &                         3.024253e-02 &                      1.420955e-76 &       8.240604e-06 &           7.546240e-01 &             1.000000e+00 &             1.000000e+00 &       8.906776e-02 &       2.893318e-02 &             2.838227e-01 \\
schreiber2017/mirex2017             &                         3.024253e-02 &                      1.420955e-76 &       8.240604e-06 &           7.546240e-01 &             1.000000e+00 &             1.000000e+00 &       8.906776e-02 &       2.893318e-02 &             2.838227e-01 \\
schreiber2018/cnn                   &                         1.446194e-03 &                      1.705774e-75 &       8.264537e-05 &           1.340754e-01 &             8.906776e-02 &             8.906776e-02 &       1.000000e+00 &       7.882928e-01 &             5.222616e-01 \\
schreiber2018/fcn                   &                         5.745917e-04 &                      6.755428e-74 &       1.712725e-04 &           7.996838e-02 &             2.893318e-02 &             2.893318e-02 &       7.882928e-01 &       1.000000e+00 &             3.700054e-01 \\
schreiber2018/ismir2018             &                         5.041914e-03 &                      2.261512e-75 &       5.374269e-05 &           2.735359e-01 &             2.838227e-01 &             2.838227e-01 &       5.222616e-01 &       3.700054e-01 &             1.000000e+00 \\
\bottomrule
\end{tabular}
