\begin{tabular}{lrrrrrrrrrrrr}
\toprule
{} &  boeck2015/tempodetector2016\_default &  boeck2019/multi\_task &  boeck2019/multi\_task\_hjdb &  boeck2020/dar &  davies2009/mirex\_qm\_tempotracker &  percival2014/stem &  schreiber2014/default &  schreiber2017/ismir2017 &  schreiber2017/mirex2017 &  schreiber2018/cnn &  schreiber2018/fcn &  schreiber2018/ismir2018 \\
Estimator                           &                                      &                       &                            &                &                                   &                    &                        &                          &                          &                    &                    &                          \\
\midrule
boeck2015/tempodetector2016\_default &                         1.000000e+00 &          3.901367e-09 &               1.328505e-21 &   6.571325e-40 &                      1.793534e-04 &       1.738243e-01 &           9.675542e-02 &             1.936776e-08 &             1.038295e-35 &       5.523405e-41 &       2.497851e-48 &             6.162076e-28 \\
boeck2019/multi\_task                &                         3.901367e-09 &          1.000000e+00 &               1.795920e-12 &   3.933237e-26 &                      3.339516e-02 &       6.364488e-25 &           4.292258e-09 &             9.491538e-01 &             9.678090e-23 &       1.592825e-26 &       3.080634e-34 &             4.321020e-17 \\
boeck2019/multi\_task\_hjdb           &                         1.328505e-21 &          1.795920e-12 &               1.000000e+00 &   7.025359e-12 &                      1.442952e-09 &       3.574364e-40 &           2.804069e-22 &             4.156232e-07 &             1.006183e-08 &       1.211697e-12 &       5.170218e-20 &             1.665179e-04 \\
boeck2020/dar                       &                         6.571325e-40 &          3.933237e-26 &               7.025359e-12 &   1.000000e+00 &                      1.915875e-27 &       1.291970e-59 &           5.166088e-39 &             5.605015e-23 &             3.023447e-01 &       3.296639e-01 &       1.778776e-04 &             7.136816e-04 \\
davies2009/mirex\_qm\_tempotracker    &                         1.793534e-04 &          3.339516e-02 &               1.442952e-09 &   1.915875e-27 &                      1.000000e+00 &       5.329863e-10 &           8.579822e-03 &             3.708753e-02 &             7.000849e-27 &       3.404919e-34 &       2.194950e-41 &             2.685754e-19 \\
percival2014/stem                   &                         1.738243e-01 &          6.364488e-25 &               3.574364e-40 &   1.291970e-59 &                      5.329863e-10 &       1.000000e+00 &           1.916141e-05 &             2.819172e-20 &             6.442775e-59 &       8.668025e-63 &       4.252498e-72 &             8.934144e-53 \\
schreiber2014/default               &                         9.675542e-02 &          4.292258e-09 &               2.804069e-22 &   5.166088e-39 &                      8.579822e-03 &       1.916141e-05 &           1.000000e+00 &             1.782281e-07 &             2.087503e-40 &       4.570955e-43 &       6.310858e-51 &             3.390481e-33 \\
schreiber2017/ismir2017             &                         1.936776e-08 &          9.491538e-01 &               4.156232e-07 &   5.605015e-23 &                      3.708753e-02 &       2.819172e-20 &           1.782281e-07 &             1.000000e+00 &             1.888574e-25 &       5.574922e-28 &       4.674247e-34 &             1.485947e-16 \\
schreiber2017/mirex2017             &                         1.038295e-35 &          9.678090e-23 &               1.006183e-08 &   3.023447e-01 &                      7.000849e-27 &       6.442775e-59 &           2.087503e-40 &             1.888574e-25 &             1.000000e+00 &       5.627449e-02 &       4.343835e-06 &             1.586743e-02 \\
schreiber2018/cnn                   &                         5.523405e-41 &          1.592825e-26 &               1.211697e-12 &   3.296639e-01 &                      3.404919e-34 &       8.668025e-63 &           4.570955e-43 &             5.574922e-28 &             5.627449e-02 &       1.000000e+00 &       1.661931e-03 &             6.054625e-06 \\
schreiber2018/fcn                   &                         2.497851e-48 &          3.080634e-34 &               5.170218e-20 &   1.778776e-04 &                      2.194950e-41 &       4.252498e-72 &           6.310858e-51 &             4.674247e-34 &             4.343835e-06 &       1.661931e-03 &       1.000000e+00 &             1.090892e-13 \\
schreiber2018/ismir2018             &                         6.162076e-28 &          4.321020e-17 &               1.665179e-04 &   7.136816e-04 &                      2.685754e-19 &       8.934144e-53 &           3.390481e-33 &             1.485947e-16 &             1.586743e-02 &       6.054625e-06 &       1.090892e-13 &             1.000000e+00 \\
\bottomrule
\end{tabular}
