\begin{tabular}{lrrrrrrrrrrr}
\toprule
{} &  boeck2015/tempodetector2016\_default &  boeck2019/multi\_task &  boeck2019/multi\_task\_hjdb &  davies2009/mirex\_qm\_tempotracker &  percival2014/stem &  schreiber2014/default &  schreiber2017/ismir2017 &  schreiber2017/mirex2017 &  schreiber2018/cnn &  schreiber2018/fcn &  schreiber2018/ismir2018 \\
Estimator                           &                                      &                       &                            &                                   &                    &                        &                          &                          &                    &                    &                          \\
\midrule
boeck2015/tempodetector2016\_default &                         1.000000e+00 &          2.221688e-03 &               1.036438e-10 &                      1.646881e-26 &       2.226624e-03 &           1.716305e-01 &             1.723902e-02 &             1.482376e-17 &       3.735934e-23 &       1.735758e-29 &             6.309028e-17 \\
boeck2019/multi\_task                &                         2.221688e-03 &          1.000000e+00 &               3.891388e-10 &                      3.931650e-42 &       3.407391e-16 &           1.418092e-09 &             5.247773e-01 &             4.997557e-12 &       1.516110e-16 &       7.263604e-22 &             1.075408e-14 \\
boeck2019/multi\_task\_hjdb           &                         1.036438e-10 &          3.891388e-10 &               1.000000e+00 &                      2.315246e-63 &       5.164644e-27 &           1.298526e-19 &             2.076941e-06 &             6.767642e-04 &       8.188903e-08 &       9.204201e-13 &             4.190103e-04 \\
davies2009/mirex\_qm\_tempotracker    &                         1.646881e-26 &          3.931650e-42 &               2.315246e-63 &                      1.000000e+00 &       5.852347e-20 &           4.054861e-25 &             2.739959e-39 &             2.101289e-73 &       1.839536e-85 &       7.871734e-89 &             1.901429e-74 \\
percival2014/stem                   &                         2.226624e-03 &          3.407391e-16 &               5.164644e-27 &                      5.852347e-20 &       1.000000e+00 &           6.203918e-02 &             9.322547e-11 &             7.116381e-29 &       5.210760e-34 &       4.702843e-39 &             2.303221e-37 \\
schreiber2014/default               &                         1.716305e-01 &          1.418092e-09 &               1.298526e-19 &                      4.054861e-25 &       6.203918e-02 &           1.000000e+00 &             9.593942e-07 &             6.141177e-28 &       2.378143e-28 &       1.666464e-33 &             5.578276e-30 \\
schreiber2017/ismir2017             &                         1.723902e-02 &          5.247773e-01 &               2.076941e-06 &                      2.739959e-39 &       9.322547e-11 &           9.593942e-07 &             1.000000e+00 &             3.844379e-17 &       1.128510e-18 &       2.815705e-23 &             1.710215e-15 \\
schreiber2017/mirex2017             &                         1.482376e-17 &          4.997557e-12 &               6.767642e-04 &                      2.101289e-73 &       7.116381e-29 &           6.141177e-28 &             3.844379e-17 &             1.000000e+00 &       2.151726e-02 &       1.279606e-06 &             1.000000e+00 \\
schreiber2018/cnn                   &                         3.735934e-23 &          1.516110e-16 &               8.188903e-08 &                      1.839536e-85 &       5.210760e-34 &           2.378143e-28 &             1.128510e-18 &             2.151726e-02 &       1.000000e+00 &       5.918433e-03 &             9.921505e-03 \\
schreiber2018/fcn                   &                         1.735758e-29 &          7.263604e-22 &               9.204201e-13 &                      7.871734e-89 &       4.702843e-39 &           1.666464e-33 &             2.815705e-23 &             1.279606e-06 &       5.918433e-03 &       1.000000e+00 &             2.509087e-07 \\
schreiber2018/ismir2018             &                         6.309028e-17 &          1.075408e-14 &               4.190103e-04 &                      1.901429e-74 &       2.303221e-37 &           5.578276e-30 &             1.710215e-15 &             1.000000e+00 &       9.921505e-03 &       2.509087e-07 &             1.000000e+00 \\
\bottomrule
\end{tabular}
