\begin{tabular}{lrrrrrrrrrrr}
\toprule
{} &  boeck2015/tempodetector2016\_default &  boeck2019/multi\_task &  boeck2019/multi\_task\_hjdb &  davies2009/mirex\_qm\_tempotracker &  percival2014/stem &  schreiber2014/default &  schreiber2017/ismir2017 &  schreiber2017/mirex2017 &  schreiber2018/cnn &  schreiber2018/fcn &  schreiber2018/ismir2018 \\
Estimator                           &                                      &                       &                            &                                   &                    &                        &                          &                          &                    &                    &                          \\
\midrule
boeck2015/tempodetector2016\_default &                         1.000000e+00 &          1.021475e-02 &               4.279762e-03 &                      8.962689e-75 &       3.599559e-02 &           7.097036e-01 &             7.582945e-03 &             2.021725e-03 &       9.497941e-05 &       1.530590e-06 &             2.350707e-05 \\
boeck2019/multi\_task                &                         1.021475e-02 &          1.000000e+00 &               5.612907e-01 &                      2.571597e-86 &       8.910358e-01 &           3.998057e-02 &             7.932221e-01 &             3.719212e-01 &       3.242863e-02 &       1.276259e-03 &             1.507452e-02 \\
boeck2019/multi\_task\_hjdb           &                         4.279762e-03 &          5.612907e-01 &               1.000000e+00 &                      2.039886e-86 &       6.752966e-01 &           1.967178e-02 &             9.375808e-01 &             5.744748e-01 &       6.168701e-02 &       2.769544e-03 &             2.542818e-02 \\
davies2009/mirex\_qm\_tempotracker    &                         8.962689e-75 &          2.571597e-86 &               2.039886e-86 &                      1.000000e+00 &       2.040550e-85 &           8.005190e-73 &             5.924976e-83 &             1.806342e-84 &       6.378850e-90 &       1.396367e-91 &             1.119542e-88 \\
percival2014/stem                   &                         3.599559e-02 &          8.910358e-01 &               6.752966e-01 &                      2.040550e-85 &       1.000000e+00 &           7.712055e-02 &             7.435050e-01 &             4.183785e-01 &       4.156713e-02 &       2.798233e-03 &             4.305003e-02 \\
schreiber2014/default               &                         7.097036e-01 &          3.998057e-02 &               1.967178e-02 &                      8.005190e-73 &       7.712055e-02 &           1.000000e+00 &             4.791531e-03 &             7.327653e-04 &       9.286389e-05 &       1.025662e-06 &             6.450505e-05 \\
schreiber2017/ismir2017             &                         7.582945e-03 &          7.932221e-01 &               9.375808e-01 &                      5.924976e-83 &       7.435050e-01 &           4.791531e-03 &             1.000000e+00 &             8.566626e-02 &       4.779970e-02 &       8.277739e-04 &             2.454720e-02 \\
schreiber2017/mirex2017             &                         2.021725e-03 &          3.719212e-01 &               5.744748e-01 &                      1.806342e-84 &       4.183785e-01 &           7.327653e-04 &             8.566626e-02 &             1.000000e+00 &       1.542335e-01 &       4.074948e-03 &             8.814038e-02 \\
schreiber2018/cnn                   &                         9.497941e-05 &          3.242863e-02 &               6.168701e-02 &                      6.378850e-90 &       4.156713e-02 &           9.286389e-05 &             4.779970e-02 &             1.542335e-01 &       1.000000e+00 &       1.910600e-01 &             7.931384e-01 \\
schreiber2018/fcn                   &                         1.530590e-06 &          1.276259e-03 &               2.769544e-03 &                      1.396367e-91 &       2.798233e-03 &           1.025662e-06 &             8.277739e-04 &             4.074948e-03 &       1.910600e-01 &       1.000000e+00 &             3.085130e-01 \\
schreiber2018/ismir2018             &                         2.350707e-05 &          1.507452e-02 &               2.542818e-02 &                      1.119542e-88 &       4.305003e-02 &           6.450505e-05 &             2.454720e-02 &             8.814038e-02 &       7.931384e-01 &       3.085130e-01 &             1.000000e+00 \\
\bottomrule
\end{tabular}
