\begin{tabular}{lrrrrrrrrrrrrr}
\toprule
{} &  boeck2015/tempodetector2016\_default &  boeck2019/multi\_task &  boeck2019/multi\_task\_hjdb &  boeck2020/dar &  davies2009/mirex\_qm\_tempotracker &  percival2014/stem &  schreiber2014/default &  schreiber2017/ismir2017 &  schreiber2017/mirex2017 &  schreiber2018/cnn &  schreiber2018/fcn &  schreiber2018/ismir2018 &  sun2021/default \\
Estimator                           &                                      &                       &                            &                &                                   &                    &                        &                          &                          &                    &                    &                          &                  \\
\midrule
boeck2015/tempodetector2016\_default &                         1.000000e+00 &          2.430651e-02 &               2.430651e-02 &   1.318727e-03 &                      7.124254e-69 &       7.245426e-02 &           5.044038e-01 &             1.433067e-01 &             5.325191e-02 &       2.940769e-04 &       6.164890e-06 &             1.910764e-04 &     4.176982e-07 \\
boeck2019/multi\_task                &                         2.430651e-02 &          1.000000e+00 &               1.000000e+00 &   2.265625e-01 &                      4.616716e-84 &       1.000000e+00 &           4.533862e-03 &             5.234671e-01 &             1.000000e+00 &       7.835388e-02 &       7.537842e-03 &             7.835388e-02 &     6.103516e-05 \\
boeck2019/multi\_task\_hjdb           &                         2.430651e-02 &          1.000000e+00 &               1.000000e+00 &   2.265625e-01 &                      4.086956e-81 &       1.000000e+00 &           4.533862e-03 &             5.234671e-01 &             1.000000e+00 &       7.835388e-02 &       7.537842e-03 &             6.356812e-02 &     6.103516e-05 \\
boeck2020/dar                       &                         1.318727e-03 &          2.265625e-01 &               2.265625e-01 &   1.000000e+00 &                      1.344377e-82 &       3.615946e-01 &           1.701552e-04 &             7.835388e-02 &             2.862787e-01 &       5.034447e-01 &       1.434631e-01 &             4.806824e-01 &     2.127075e-02 \\
davies2009/mirex\_qm\_tempotracker    &                         7.124254e-69 &          4.616716e-84 &               4.086956e-81 &   1.344377e-82 &                      1.000000e+00 &       8.089648e-81 &           1.599072e-61 &             1.832081e-73 &             2.910160e-75 &       3.475952e-85 &       4.433010e-86 &             2.569610e-81 &     1.963637e-90 \\
percival2014/stem                   &                         7.245426e-02 &          1.000000e+00 &               1.000000e+00 &   3.615946e-01 &                      8.089648e-81 &       1.000000e+00 &           1.266034e-02 &             7.283325e-01 &             1.000000e+00 &       6.391466e-02 &       7.197380e-03 &             9.873715e-02 &     4.024506e-04 \\
schreiber2014/default               &                         5.044038e-01 &          4.533862e-03 &               4.533862e-03 &   1.701552e-04 &                      1.599072e-61 &       1.266034e-02 &           1.000000e+00 &             5.222879e-03 &             8.779103e-04 &       8.963039e-06 &       6.677874e-08 &             8.963039e-06 &     1.047920e-08 \\
schreiber2017/ismir2017             &                         1.433067e-01 &          5.234671e-01 &               5.234671e-01 &   7.835388e-02 &                      1.832081e-73 &       7.283325e-01 &           5.222879e-03 &             1.000000e+00 &             2.500000e-01 &       1.062202e-02 &       1.449585e-04 &             7.197380e-03 &     6.604195e-05 \\
schreiber2017/mirex2017             &                         5.325191e-02 &          1.000000e+00 &               1.000000e+00 &   2.862787e-01 &                      2.910160e-75 &       1.000000e+00 &           8.779103e-04 &             2.500000e-01 &             1.000000e+00 &       4.138947e-02 &       9.765625e-04 &             3.088379e-02 &     4.024506e-04 \\
schreiber2018/cnn                   &                         2.940769e-04 &          7.835388e-02 &               7.835388e-02 &   5.034447e-01 &                      3.475952e-85 &       6.391466e-02 &           8.963039e-06 &             1.062202e-02 &             4.138947e-02 &       1.000000e+00 &       5.488281e-01 &             1.000000e+00 &     1.459961e-01 \\
schreiber2018/fcn                   &                         6.164890e-06 &          7.537842e-03 &               7.537842e-03 &   1.434631e-01 &                      4.433010e-86 &       7.197380e-03 &           6.677874e-08 &             1.449585e-04 &             9.765625e-04 &       5.488281e-01 &       1.000000e+00 &             5.488281e-01 &     4.531250e-01 \\
schreiber2018/ismir2018             &                         1.910764e-04 &          7.835388e-02 &               6.356812e-02 &   4.806824e-01 &                      2.569610e-81 &       9.873715e-02 &           8.963039e-06 &             7.197380e-03 &             3.088379e-02 &       1.000000e+00 &       5.488281e-01 &             1.000000e+00 &     1.459961e-01 \\
sun2021/default                     &                         4.176982e-07 &          6.103516e-05 &               6.103516e-05 &   2.127075e-02 &                      1.963637e-90 &       4.024506e-04 &           1.047920e-08 &             6.604195e-05 &             4.024506e-04 &       1.459961e-01 &       4.531250e-01 &             1.459961e-01 &     1.000000e+00 \\
\bottomrule
\end{tabular}
