\begin{tabular}{lrrrrrrrrr}
\toprule
{} &  boeck2015/tempodetector2016\_default &  davies2009/mirex\_qm\_tempotracker &  percival2014/stem &  schreiber2014/default &  schreiber2017/ismir2017 &  schreiber2017/mirex2017 &  schreiber2018/cnn &  schreiber2018/fcn &  schreiber2018/ismir2018 \\
Estimator                           &                                      &                                   &                    &                        &                          &                          &                    &                    &                          \\
\midrule
boeck2015/tempodetector2016\_default &                         1.000000e+00 &                      1.682462e-61 &       3.296664e-05 &           2.238680e-18 &             5.072827e-44 &             1.036640e-42 &       3.695222e-52 &       6.805194e-55 &             4.297061e-47 \\
davies2009/mirex\_qm\_tempotracker    &                         1.682462e-61 &                      1.000000e+00 &       3.573652e-51 &           6.824547e-30 &             9.607809e-09 &             2.637989e-10 &       1.192283e-03 &       4.757748e-02 &             3.370915e-06 \\
percival2014/stem                   &                         3.296664e-05 &                      3.573652e-51 &       1.000000e+00 &           1.561669e-09 &             1.005374e-37 &             2.643159e-36 &       7.819783e-37 &       1.594839e-41 &             3.555108e-36 \\
schreiber2014/default               &                         2.238680e-18 &                      6.824547e-30 &       1.561669e-09 &           1.000000e+00 &             8.334617e-17 &             2.590536e-15 &       4.390526e-18 &       6.948568e-21 &             4.404676e-16 \\
schreiber2017/ismir2017             &                         5.072827e-44 &                      9.607809e-09 &       1.005374e-37 &           8.334617e-17 &             1.000000e+00 &             2.528384e-02 &       1.154690e-01 &       9.044460e-03 &             6.983585e-01 \\
schreiber2017/mirex2017             &                         1.036640e-42 &                      2.637989e-10 &       2.643159e-36 &           2.590536e-15 &             2.528384e-02 &             1.000000e+00 &       3.251805e-02 &       1.510438e-03 &             3.124208e-01 \\
schreiber2018/cnn                   &                         3.695222e-52 &                      1.192283e-03 &       7.819783e-37 &           4.390526e-18 &             1.154690e-01 &             3.251805e-02 &       1.000000e+00 &       8.077271e-02 &             9.902715e-02 \\
schreiber2018/fcn                   &                         6.805194e-55 &                      4.757748e-02 &       1.594839e-41 &           6.948568e-21 &             9.044460e-03 &             1.510438e-03 &       8.077271e-02 &       1.000000e+00 &             8.534234e-04 \\
schreiber2018/ismir2018             &                         4.297061e-47 &                      3.370915e-06 &       3.555108e-36 &           4.404676e-16 &             6.983585e-01 &             3.124208e-01 &       9.902715e-02 &       8.534234e-04 &             1.000000e+00 \\
\bottomrule
\end{tabular}
