\begin{tabular}{lrrrrrrrrr}
\toprule
{} &  boeck2015/tempodetector2016\_default &  davies2009/mirex\_qm\_tempotracker &  percival2014/stem &  schreiber2014/default &  schreiber2017/ismir2017 &  schreiber2017/mirex2017 &  schreiber2018/cnn &  schreiber2018/fcn &  schreiber2018/ismir2018 \\
Estimator                           &                                      &                                   &                    &                        &                          &                          &                    &                    &                          \\
\midrule
boeck2015/tempodetector2016\_default &                         1.000000e+00 &                      1.200298e-01 &       4.301752e-01 &           2.060881e-01 &             4.277132e-08 &             4.277132e-08 &       1.552641e-28 &       1.222286e-33 &             3.071008e-22 \\
davies2009/mirex\_qm\_tempotracker    &                         1.200298e-01 &                      1.000000e+00 &       3.502685e-01 &           1.947387e-04 &             3.567112e-23 &             3.567112e-23 &       2.316057e-62 &       6.161384e-69 &             7.309563e-49 \\
percival2014/stem                   &                         4.301752e-01 &                      3.502685e-01 &       1.000000e+00 &           3.602988e-03 &             2.025723e-19 &             2.025723e-19 &       1.523984e-38 &       1.513349e-44 &             1.095958e-36 \\
schreiber2014/default               &                         2.060881e-01 &                      1.947387e-04 &       3.602988e-03 &           1.000000e+00 &             1.198897e-10 &             1.198897e-10 &       1.149136e-29 &       1.939278e-35 &             4.230359e-27 \\
schreiber2017/ismir2017             &                         4.277132e-08 &                      3.567112e-23 &       2.025723e-19 &           1.198897e-10 &             1.000000e+00 &             1.000000e+00 &       2.612373e-15 &       1.511399e-19 &             1.462327e-11 \\
schreiber2017/mirex2017             &                         4.277132e-08 &                      3.567112e-23 &       2.025723e-19 &           1.198897e-10 &             1.000000e+00 &             1.000000e+00 &       2.612373e-15 &       1.511399e-19 &             1.462327e-11 \\
schreiber2018/cnn                   &                         1.552641e-28 &                      2.316057e-62 &       1.523984e-38 &           1.149136e-29 &             2.612373e-15 &             2.612373e-15 &       1.000000e+00 &       3.635122e-03 &             5.552361e-03 \\
schreiber2018/fcn                   &                         1.222286e-33 &                      6.161384e-69 &       1.513349e-44 &           1.939278e-35 &             1.511399e-19 &             1.511399e-19 &       3.635122e-03 &       1.000000e+00 &             1.176102e-07 \\
schreiber2018/ismir2018             &                         3.071008e-22 &                      7.309563e-49 &       1.095958e-36 &           4.230359e-27 &             1.462327e-11 &             1.462327e-11 &       5.552361e-03 &       1.176102e-07 &             1.000000e+00 \\
\bottomrule
\end{tabular}
