\begin{tabular}{lrrrrrrrrr}
\toprule
{} &  boeck2015/tempodetector2016\_default &  davies2009/mirex\_qm\_tempotracker &  percival2014/stem &  schreiber2014/default &  schreiber2017/ismir2017 &  schreiber2017/mirex2017 &  schreiber2018/cnn &  schreiber2018/fcn &  schreiber2018/ismir2018 \\
Estimator                           &                                      &                                   &                    &                        &                          &                          &                    &                    &                          \\
\midrule
boeck2015/tempodetector2016\_default &                         1.000000e+00 &                      1.032582e-08 &       9.228516e-02 &           5.947612e-05 &            1.907824e-271 &             3.017578e-01 &       3.906250e-02 &       3.906250e-02 &             3.906250e-02 \\
davies2009/mirex\_qm\_tempotracker    &                         1.032582e-08 &                      1.000000e+00 &       1.776357e-13 &           3.846005e-02 &            1.651898e-239 &             5.125629e-06 &       1.421085e-14 &       1.421085e-14 &             1.421085e-14 \\
percival2014/stem                   &                         9.228516e-02 &                      1.776357e-13 &       1.000000e+00 &           2.980232e-08 &            1.304535e-275 &             4.180908e-03 &       1.000000e+00 &       1.000000e+00 &             1.000000e+00 \\
schreiber2014/default               &                         5.947612e-05 &                      3.846005e-02 &       2.980232e-08 &           1.000000e+00 &            1.471646e-259 &             4.882813e-04 &       3.725290e-09 &       3.725290e-09 &             3.725290e-09 \\
schreiber2017/ismir2017             &                        1.907824e-271 &                     1.651898e-239 &      1.304535e-275 &          1.471646e-259 &             1.000000e+00 &            2.665090e-266 &      1.304535e-275 &      1.304535e-275 &            1.304535e-275 \\
schreiber2017/mirex2017             &                         3.017578e-01 &                      5.125629e-06 &       4.180908e-03 &           4.882813e-04 &            2.665090e-266 &             1.000000e+00 &       1.831055e-03 &       4.180908e-03 &             4.180908e-03 \\
schreiber2018/cnn                   &                         3.906250e-02 &                      1.421085e-14 &       1.000000e+00 &           3.725290e-09 &            1.304535e-275 &             1.831055e-03 &       1.000000e+00 &       1.000000e+00 &             1.000000e+00 \\
schreiber2018/fcn                   &                         3.906250e-02 &                      1.421085e-14 &       1.000000e+00 &           3.725290e-09 &            1.304535e-275 &             4.180908e-03 &       1.000000e+00 &       1.000000e+00 &             1.000000e+00 \\
schreiber2018/ismir2018             &                         3.906250e-02 &                      1.421085e-14 &       1.000000e+00 &           3.725290e-09 &            1.304535e-275 &             4.180908e-03 &       1.000000e+00 &       1.000000e+00 &             1.000000e+00 \\
\bottomrule
\end{tabular}
