\begin{tabular}{lrrrrrrrrr}
\toprule
{} &  boeck2015/tempodetector2016\_default &  davies2009/mirex\_qm\_tempotracker &  percival2014/stem &  schreiber2014/default &  schreiber2017/ismir2017 &  schreiber2017/mirex2017 &  schreiber2018/cnn &  schreiber2018/fcn &  schreiber2018/ismir2018 \\
Estimator                           &                                      &                                   &                    &                        &                          &                          &                    &                    &                          \\
\midrule
boeck2015/tempodetector2016\_default &                         1.000000e+00 &                      1.646881e-26 &       2.226624e-03 &           1.716305e-01 &             2.130371e-03 &             2.130371e-03 &       3.735934e-23 &       1.735758e-29 &             6.309028e-17 \\
davies2009/mirex\_qm\_tempotracker    &                         1.646881e-26 &                      1.000000e+00 &       5.852347e-20 &           4.054861e-25 &             2.012452e-53 &             2.012452e-53 &       1.839536e-85 &       7.871734e-89 &             1.901429e-74 \\
percival2014/stem                   &                         2.226624e-03 &                      5.852347e-20 &       1.000000e+00 &           6.203918e-02 &             1.349409e-16 &             1.349409e-16 &       5.210760e-34 &       4.702843e-39 &             2.303221e-37 \\
schreiber2014/default               &                         1.716305e-01 &                      4.054861e-25 &       6.203918e-02 &           1.000000e+00 &             1.309800e-11 &             1.309800e-11 &       2.378143e-28 &       1.666464e-33 &             5.578276e-30 \\
schreiber2017/ismir2017             &                         2.130371e-03 &                      2.012452e-53 &       1.349409e-16 &           1.309800e-11 &             1.000000e+00 &             1.000000e+00 &       8.432198e-16 &       4.934730e-20 &             2.738305e-13 \\
schreiber2017/mirex2017             &                         2.130371e-03 &                      2.012452e-53 &       1.349409e-16 &           1.309800e-11 &             1.000000e+00 &             1.000000e+00 &       8.432198e-16 &       4.934730e-20 &             2.738305e-13 \\
schreiber2018/cnn                   &                         3.735934e-23 &                      1.839536e-85 &       5.210760e-34 &           2.378143e-28 &             8.432198e-16 &             8.432198e-16 &       1.000000e+00 &       5.918433e-03 &             9.921505e-03 \\
schreiber2018/fcn                   &                         1.735758e-29 &                      7.871734e-89 &       4.702843e-39 &           1.666464e-33 &             4.934730e-20 &             4.934730e-20 &       5.918433e-03 &       1.000000e+00 &             2.509087e-07 \\
schreiber2018/ismir2018             &                         6.309028e-17 &                      1.901429e-74 &       2.303221e-37 &           5.578276e-30 &             2.738305e-13 &             2.738305e-13 &       9.921505e-03 &       2.509087e-07 &             1.000000e+00 \\
\bottomrule
\end{tabular}
