\begin{tabular}{lrrrrrrrrr}
\toprule
{} &  boeck2015/tempodetector2016\_default &  davies2009/mirex\_qm\_tempotracker &  percival2014/stem &  schreiber2014/default &  schreiber2017/ismir2017 &  schreiber2017/mirex2017 &  schreiber2018/cnn &  schreiber2018/fcn &  schreiber2018/ismir2018 \\
Estimator                           &                                      &                                   &                    &                        &                          &                          &                    &                    &                          \\
\midrule
boeck2015/tempodetector2016\_default &                         1.000000e+00 &                      2.769515e-12 &       1.951431e-03 &           1.065272e-13 &             4.495117e-19 &             7.378993e-20 &       4.920777e-42 &       2.194913e-40 &             2.493547e-33 \\
davies2009/mirex\_qm\_tempotracker    &                         2.769515e-12 &                      1.000000e+00 &       2.431161e-06 &           5.283038e-01 &             3.631139e-05 &             1.037390e-05 &       1.859870e-27 &       3.667790e-25 &             7.488059e-19 \\
percival2014/stem                   &                         1.951431e-03 &                      2.431161e-06 &       1.000000e+00 &           1.002554e-08 &             2.421453e-14 &             2.738064e-15 &       2.643137e-34 &       1.110909e-33 &             1.452123e-28 \\
schreiber2014/default               &                         1.065272e-13 &                      5.283038e-01 &       1.002554e-08 &           1.000000e+00 &             1.236128e-02 &             5.941589e-03 &       1.892896e-17 &       3.426790e-16 &             1.032683e-11 \\
schreiber2017/ismir2017             &                         4.495117e-19 &                      3.631139e-05 &       2.421453e-14 &           1.236128e-02 &             1.000000e+00 &             2.688810e-01 &       3.813460e-15 &       7.054398e-13 &             6.173657e-09 \\
schreiber2017/mirex2017             &                         7.378993e-20 &                      1.037390e-05 &       2.738064e-15 &           5.941589e-03 &             2.688810e-01 &             1.000000e+00 &       1.223739e-14 &       1.210071e-12 &             1.071146e-08 \\
schreiber2018/cnn                   &                         4.920777e-42 &                      1.859870e-27 &       2.643137e-34 &           1.892896e-17 &             3.813460e-15 &             1.223739e-14 &       1.000000e+00 &       8.289494e-01 &             3.743433e-04 \\
schreiber2018/fcn                   &                         2.194913e-40 &                      3.667790e-25 &       1.110909e-33 &           3.426790e-16 &             7.054398e-13 &             1.210071e-12 &       8.289494e-01 &       1.000000e+00 &             8.778851e-04 \\
schreiber2018/ismir2018             &                         2.493547e-33 &                      7.488059e-19 &       1.452123e-28 &           1.032683e-11 &             6.173657e-09 &             1.071146e-08 &       3.743433e-04 &       8.778851e-04 &             1.000000e+00 \\
\bottomrule
\end{tabular}
