\begin{tabular}{lrrrrrrrrr}
\toprule
{} &  boeck2015/tempodetector2016\_default &  davies2009/mirex\_qm\_tempotracker &  percival2014/stem &  schreiber2014/default &  schreiber2017/ismir2017 &  schreiber2017/mirex2017 &  schreiber2018/cnn &  schreiber2018/fcn &  schreiber2018/ismir2018 \\
Estimator                           &                                      &                                   &                    &                        &                          &                          &                    &                    &                          \\
\midrule
boeck2015/tempodetector2016\_default &                         1.000000e+00 &                      1.614683e-40 &       5.844863e-03 &           1.841898e-01 &             5.938330e-01 &             5.938330e-01 &       3.908136e-04 &       6.991375e-03 &             2.181315e-02 \\
davies2009/mirex\_qm\_tempotracker    &                         1.614683e-40 &                      1.000000e+00 &       5.779625e-37 &           2.321854e-35 &             5.702215e-36 &             5.702218e-36 &       5.774989e-37 &       2.802540e-40 &             3.016530e-41 \\
percival2014/stem                   &                         5.844863e-03 &                      5.779625e-37 &       1.000000e+00 &           1.246918e-03 &             7.855217e-02 &             7.855217e-02 &       6.474040e-01 &       5.070812e-01 &             1.976902e-01 \\
schreiber2014/default               &                         1.841898e-01 &                      2.321854e-35 &       1.246918e-03 &           1.000000e+00 &             4.139186e-02 &             4.139186e-02 &       5.355326e-04 &       1.499610e-03 &             3.497954e-03 \\
schreiber2017/ismir2017             &                         5.938330e-01 &                      5.702215e-36 &       7.855217e-02 &           4.139186e-02 &             1.000000e+00 &             4.746748e-01 &       6.577833e-03 &       7.379048e-02 &             1.730819e-01 \\
schreiber2017/mirex2017             &                         5.938330e-01 &                      5.702218e-36 &       7.855217e-02 &           4.139186e-02 &             4.746748e-01 &             1.000000e+00 &       6.577834e-03 &       7.379049e-02 &             1.730820e-01 \\
schreiber2018/cnn                   &                         3.908136e-04 &                      5.774989e-37 &       6.474040e-01 &           5.355326e-04 &             6.577833e-03 &             6.577834e-03 &       1.000000e+00 &       2.010173e-01 &             1.021384e-01 \\
schreiber2018/fcn                   &                         6.991375e-03 &                      2.802540e-40 &       5.070812e-01 &           1.499610e-03 &             7.379048e-02 &             7.379049e-02 &       2.010173e-01 &       1.000000e+00 &             1.530245e-01 \\
schreiber2018/ismir2018             &                         2.181315e-02 &                      3.016530e-41 &       1.976902e-01 &           3.497954e-03 &             1.730819e-01 &             1.730820e-01 &       1.021384e-01 &       1.530245e-01 &             1.000000e+00 \\
\bottomrule
\end{tabular}
