\begin{tabular}{lrrrrrrrrr}
\toprule
{} &  boeck2015/tempodetector2016\_default &  davies2009/mirex\_qm\_tempotracker &  percival2014/stem &  schreiber2014/default &  schreiber2017/ismir2017 &  schreiber2017/mirex2017 &  schreiber2018/cnn &  schreiber2018/fcn &  schreiber2018/ismir2018 \\
Estimator                           &                                      &                                   &                    &                        &                          &                          &                    &                    &                          \\
\midrule
boeck2015/tempodetector2016\_default &                         1.000000e+00 &                      3.695000e-09 &       2.376336e-02 &           5.423401e-09 &             8.183490e-15 &             2.063387e-15 &       5.218225e-37 &       1.353044e-35 &             3.354569e-29 \\
davies2009/mirex\_qm\_tempotracker    &                         3.695000e-09 &                      1.000000e+00 &       1.377527e-05 &           7.495485e-01 &             1.761872e-03 &             7.645817e-04 &       1.445411e-24 &       1.552060e-22 &             2.581286e-16 \\
percival2014/stem                   &                         2.376336e-02 &                      1.377527e-05 &       1.000000e+00 &           9.191392e-06 &             5.248345e-12 &             9.836571e-13 &       6.095579e-36 &       5.550769e-35 &             3.631339e-29 \\
schreiber2014/default               &                         5.423401e-09 &                      7.495485e-01 &       9.191392e-06 &           1.000000e+00 &             2.609839e-03 &             1.250355e-03 &       7.290950e-21 &       3.194277e-19 &             1.386572e-14 \\
schreiber2017/ismir2017             &                         8.183490e-15 &                      1.761872e-03 &       5.248345e-12 &           2.609839e-03 &             1.000000e+00 &             6.250000e-01 &       1.236159e-17 &       1.904347e-14 &             3.108522e-10 \\
schreiber2017/mirex2017             &                         2.063387e-15 &                      7.645817e-04 &       9.836571e-13 &           1.250355e-03 &             6.250000e-01 &             1.000000e+00 &       4.144248e-17 &       2.775388e-14 &             4.644605e-10 \\
schreiber2018/cnn                   &                         5.218225e-37 &                      1.445411e-24 &       6.095579e-36 &           7.290950e-21 &             1.236159e-17 &             4.144248e-17 &       1.000000e+00 &       8.776143e-01 &             2.470878e-04 \\
schreiber2018/fcn                   &                         1.353044e-35 &                      1.552060e-22 &       5.550769e-35 &           3.194277e-19 &             1.904347e-14 &             2.775388e-14 &       8.776143e-01 &       1.000000e+00 &             1.088538e-03 \\
schreiber2018/ismir2018             &                         3.354569e-29 &                      2.581286e-16 &       3.631339e-29 &           1.386572e-14 &             3.108522e-10 &             4.644605e-10 &       2.470878e-04 &       1.088538e-03 &             1.000000e+00 \\
\bottomrule
\end{tabular}
