\begin{tabular}{lrrrrrrrrr}
\toprule
{} &  boeck2015/tempodetector2016\_default &  davies2009/mirex\_qm\_tempotracker &  percival2014/stem &  schreiber2014/default &  schreiber2017/ismir2017 &  schreiber2017/mirex2017 &  schreiber2018/cnn &  schreiber2018/fcn &  schreiber2018/ismir2018 \\
Estimator                           &                                      &                                   &                    &                        &                          &                          &                    &                    &                          \\
\midrule
boeck2015/tempodetector2016\_default &                         1.000000e+00 &                      1.793534e-04 &       1.738243e-01 &           9.675542e-02 &             5.040095e-12 &             5.040095e-12 &       5.523405e-41 &       2.497851e-48 &             6.162076e-28 \\
davies2009/mirex\_qm\_tempotracker    &                         1.793534e-04 &                      1.000000e+00 &       5.329863e-10 &           8.579822e-03 &             6.854892e-05 &             6.854892e-05 &       3.404919e-34 &       2.194950e-41 &             2.685754e-19 \\
percival2014/stem                   &                         1.738243e-01 &                      5.329863e-10 &       1.000000e+00 &           1.916141e-05 &             2.317681e-33 &             2.317681e-33 &       8.668025e-63 &       4.252498e-72 &             8.934144e-53 \\
schreiber2014/default               &                         9.675542e-02 &                      8.579822e-03 &       1.916141e-05 &           1.000000e+00 &             1.643226e-15 &             1.643226e-15 &       4.570955e-43 &       6.310858e-51 &             3.390481e-33 \\
schreiber2017/ismir2017             &                         5.040095e-12 &                      6.854892e-05 &       2.317681e-33 &           1.643226e-15 &             1.000000e+00 &             1.000000e+00 &       1.922358e-20 &       5.774676e-26 &             2.069472e-11 \\
schreiber2017/mirex2017             &                         5.040095e-12 &                      6.854892e-05 &       2.317681e-33 &           1.643226e-15 &             1.000000e+00 &             1.000000e+00 &       1.922358e-20 &       5.774676e-26 &             2.069472e-11 \\
schreiber2018/cnn                   &                         5.523405e-41 &                      3.404919e-34 &       8.668025e-63 &           4.570955e-43 &             1.922358e-20 &             1.922358e-20 &       1.000000e+00 &       1.661931e-03 &             6.054625e-06 \\
schreiber2018/fcn                   &                         2.497851e-48 &                      2.194950e-41 &       4.252498e-72 &           6.310858e-51 &             5.774676e-26 &             5.774676e-26 &       1.661931e-03 &       1.000000e+00 &             1.090892e-13 \\
schreiber2018/ismir2018             &                         6.162076e-28 &                      2.685754e-19 &       8.934144e-53 &           3.390481e-33 &             2.069472e-11 &             2.069472e-11 &       6.054625e-06 &       1.090892e-13 &             1.000000e+00 \\
\bottomrule
\end{tabular}
