\begin{tabular}{lrrrrrrrrr}
\toprule
{} &  boeck2015/tempodetector2016\_default &  davies2009/mirex\_qm\_tempotracker &  percival2014/stem &  schreiber2014/default &  schreiber2017/ismir2017 &  schreiber2017/mirex2017 &  schreiber2018/cnn &  schreiber2018/fcn &  schreiber2018/ismir2018 \\
Estimator                           &                                      &                                   &                    &                        &                          &                          &                    &                    &                          \\
\midrule
boeck2015/tempodetector2016\_default &                         1.000000e+00 &                      5.968023e-27 &       2.360037e-05 &           8.991400e-02 &            2.486396e-255 &             8.043732e-02 &       1.917936e-10 &       8.790353e-10 &             8.614364e-09 \\
davies2009/mirex\_qm\_tempotracker    &                         5.968023e-27 &                      1.000000e+00 &       1.484083e-39 &           4.897089e-16 &            9.139431e-183 &             6.998575e-28 &       4.275004e-44 &       5.351197e-43 &             4.121176e-42 \\
percival2014/stem                   &                         2.360037e-05 &                      1.484083e-39 &       1.000000e+00 &           3.477250e-06 &            2.435342e-270 &             2.279670e-02 &       9.480878e-02 &       1.957602e-01 &             2.987055e-01 \\
schreiber2014/default               &                         8.991400e-02 &                      4.897089e-16 &       3.477250e-06 &           1.000000e+00 &            2.469033e-237 &             4.113867e-04 &       2.075578e-08 &       4.267877e-08 &             8.623942e-08 \\
schreiber2017/ismir2017             &                        2.486396e-255 &                     9.139431e-183 &      2.435342e-270 &          2.469033e-237 &             1.000000e+00 &            2.925659e-253 &      1.630805e-270 &      4.082330e-270 &            7.819045e-269 \\
schreiber2017/mirex2017             &                         8.043732e-02 &                      6.998575e-28 &       2.279670e-02 &           4.113867e-04 &            2.925659e-253 &             1.000000e+00 &       2.698179e-04 &       7.193802e-04 &             1.801174e-03 \\
schreiber2018/cnn                   &                         1.917936e-10 &                      4.275004e-44 &       9.480878e-02 &           2.075578e-08 &            1.630805e-270 &             2.698179e-04 &       1.000000e+00 &       5.200458e-01 &             2.760581e-01 \\
schreiber2018/fcn                   &                         8.790353e-10 &                      5.351197e-43 &       1.957602e-01 &           4.267877e-08 &            4.082330e-270 &             7.193802e-04 &       5.200458e-01 &       1.000000e+00 &             2.794341e-01 \\
schreiber2018/ismir2018             &                         8.614364e-09 &                      4.121176e-42 &       2.987055e-01 &           8.623942e-08 &            7.819045e-269 &             1.801174e-03 &       2.760581e-01 &       2.794341e-01 &             1.000000e+00 \\
\bottomrule
\end{tabular}
