\begin{tabular}{lrrrrrrrrr}
\toprule
{} &  boeck2015/tempodetector2016\_default &  davies2009/mirex\_qm\_tempotracker &  percival2014/stem &  schreiber2014/default &  schreiber2017/ismir2017 &  schreiber2017/mirex2017 &  schreiber2018/cnn &  schreiber2018/fcn &  schreiber2018/ismir2018 \\
Estimator                           &                                      &                                   &                    &                        &                          &                          &                    &                    &                          \\
\midrule
boeck2015/tempodetector2016\_default &                         1.000000e+00 &                      1.682462e-61 &       3.296664e-05 &           2.238680e-18 &             8.703639e-05 &             1.487925e-45 &       3.695222e-52 &       6.805194e-55 &             4.297061e-47 \\
davies2009/mirex\_qm\_tempotracker    &                         1.682462e-61 &                      1.000000e+00 &       3.573652e-51 &           6.824547e-30 &             3.325656e-42 &             1.027090e-06 &       1.192283e-03 &       4.757748e-02 &             3.370915e-06 \\
percival2014/stem                   &                         3.296664e-05 &                      3.573652e-51 &       1.000000e+00 &           1.561669e-09 &             8.002351e-01 &             1.348485e-35 &       7.819783e-37 &       1.594839e-41 &             3.555108e-36 \\
schreiber2014/default               &                         2.238680e-18 &                      6.824547e-30 &       1.561669e-09 &           1.000000e+00 &             3.169097e-06 &             2.348916e-14 &       4.390526e-18 &       6.948568e-21 &             4.404676e-16 \\
schreiber2017/ismir2017             &                         8.703639e-05 &                      3.325656e-42 &       8.002351e-01 &           3.169097e-06 &             1.000000e+00 &             5.397184e-25 &       5.629465e-29 &       5.263928e-33 &             5.947387e-27 \\
schreiber2017/mirex2017             &                         1.487925e-45 &                      1.027090e-06 &       1.348485e-35 &           2.348916e-14 &             5.397184e-25 &             1.000000e+00 &       4.408088e-02 &       6.770609e-04 &             5.063037e-01 \\
schreiber2018/cnn                   &                         3.695222e-52 &                      1.192283e-03 &       7.819783e-37 &           4.390526e-18 &             5.629465e-29 &             4.408088e-02 &       1.000000e+00 &       8.077271e-02 &             9.902715e-02 \\
schreiber2018/fcn                   &                         6.805194e-55 &                      4.757748e-02 &       1.594839e-41 &           6.948568e-21 &             5.263928e-33 &             6.770609e-04 &       8.077271e-02 &       1.000000e+00 &             8.534234e-04 \\
schreiber2018/ismir2018             &                         4.297061e-47 &                      3.370915e-06 &       3.555108e-36 &           4.404676e-16 &             5.947387e-27 &             5.063037e-01 &       9.902715e-02 &       8.534234e-04 &             1.000000e+00 \\
\bottomrule
\end{tabular}
