\begin{tabular}{lrrrrrrrrr}
\toprule
{} &  boeck2015/tempodetector2016\_default &  davies2009/mirex\_qm\_tempotracker &  percival2014/stem &  schreiber2014/default &  schreiber2017/ismir2017 &  schreiber2017/mirex2017 &  schreiber2018/cnn &  schreiber2018/fcn &  schreiber2018/ismir2018 \\
Estimator                           &                                      &                                   &                    &                        &                          &                          &                    &                    &                          \\
\midrule
boeck2015/tempodetector2016\_default &                         1.000000e+00 &                      8.962689e-75 &       3.599559e-02 &           7.097036e-01 &             7.582935e-03 &             7.582935e-03 &       9.497941e-05 &       1.530590e-06 &             2.350707e-05 \\
davies2009/mirex\_qm\_tempotracker    &                         8.962689e-75 &                      1.000000e+00 &       2.040550e-85 &           8.005190e-73 &             5.924965e-83 &             5.924965e-83 &       6.378850e-90 &       1.396367e-91 &             1.119542e-88 \\
percival2014/stem                   &                         3.599559e-02 &                      2.040550e-85 &       1.000000e+00 &           7.712055e-02 &             7.435046e-01 &             7.435046e-01 &       4.156713e-02 &       2.798233e-03 &             4.305003e-02 \\
schreiber2014/default               &                         7.097036e-01 &                      8.005190e-73 &       7.712055e-02 &           1.000000e+00 &             4.791523e-03 &             4.791523e-03 &       9.286389e-05 &       1.025662e-06 &             6.450505e-05 \\
schreiber2017/ismir2017             &                         7.582935e-03 &                      5.924965e-83 &       7.435046e-01 &           4.791523e-03 &             1.000000e+00 &             1.000000e+00 &       4.779977e-02 &       8.277760e-04 &             2.454725e-02 \\
schreiber2017/mirex2017             &                         7.582935e-03 &                      5.924965e-83 &       7.435046e-01 &           4.791523e-03 &             1.000000e+00 &             1.000000e+00 &       4.779977e-02 &       8.277760e-04 &             2.454725e-02 \\
schreiber2018/cnn                   &                         9.497941e-05 &                      6.378850e-90 &       4.156713e-02 &           9.286389e-05 &             4.779977e-02 &             4.779977e-02 &       1.000000e+00 &       1.910600e-01 &             7.931384e-01 \\
schreiber2018/fcn                   &                         1.530590e-06 &                      1.396367e-91 &       2.798233e-03 &           1.025662e-06 &             8.277760e-04 &             8.277760e-04 &       1.910600e-01 &       1.000000e+00 &             3.085130e-01 \\
schreiber2018/ismir2018             &                         2.350707e-05 &                      1.119542e-88 &       4.305003e-02 &           6.450505e-05 &             2.454725e-02 &             2.454725e-02 &       7.931384e-01 &       3.085130e-01 &             1.000000e+00 \\
\bottomrule
\end{tabular}
