\begin{tabular}{lrrrrrrrrrrrrrrrrr}
\toprule
{} &  boeck2015/tempodetector2016\_default &  boeck2019/multi\_task &  boeck2019/multi\_task\_hjdb &  davies2009/mirex\_qm\_tempotracker &  echonest/version\_3\_2\_1 &  gkiokas2012/default &  klapuri2006/percival2014 &  oliveira2010/ibt &  percival2014/stem &  scheirer1998/percival2014 &  schreiber2014/default &  schreiber2017/ismir2017 &  schreiber2017/mirex2017 &  schreiber2018/cnn &  schreiber2018/fcn &  schreiber2018/ismir2018 &  zplane/auftakt\_v3 \\
Estimator                           &                                      &                       &                            &                                   &                         &                      &                           &                   &                    &                            &                        &                          &                          &                    &                    &                          &                    \\
\midrule
boeck2015/tempodetector2016\_default &                         1.000000e+00 &          8.984059e-07 &               7.144561e-08 &                      1.131031e-13 &            1.442375e-01 &         4.152938e-01 &              8.843330e-01 &      4.107007e-10 &       5.296094e-08 &               2.086171e-13 &           8.094646e-07 &             4.398434e-08 &             7.052850e-40 &       5.257929e-01 &       1.019973e-01 &             1.213353e-01 &       3.352344e-01 \\
boeck2019/multi\_task                &                         8.984059e-07 &          1.000000e+00 &               2.624375e-01 &                      1.006291e-24 &            2.322028e-09 &         2.807614e-04 &              1.442805e-06 &      3.797383e-22 &       6.096820e-01 &               7.509460e-28 &           1.000000e+00 &             7.447910e-01 &             7.352579e-19 &       6.022082e-05 &       2.118522e-03 &             2.267086e-09 &       3.560879e-08 \\
boeck2019/multi\_task\_hjdb           &                         7.144561e-08 &          2.624375e-01 &               1.000000e+00 &                      2.832919e-25 &            1.160961e-10 &         3.265747e-05 &              2.412223e-07 &      3.548612e-22 &       1.000000e+00 &               1.160436e-29 &           4.683044e-01 &             8.147826e-01 &             9.313225e-16 &       1.187191e-05 &       3.525654e-04 &             4.458837e-10 &       3.722024e-09 \\
davies2009/mirex\_qm\_tempotracker    &                         1.131031e-13 &          1.006291e-24 &               2.832919e-25 &                      1.000000e+00 &            4.585772e-08 &         4.208455e-13 &              6.235181e-20 &      2.233906e-01 &       1.093178e-37 &               9.367628e-02 &           7.092016e-28 &             6.394038e-31 &             8.681159e-74 &       1.324865e-14 &       2.708895e-17 &             3.196351e-10 &       1.179181e-11 \\
echonest/version\_3\_2\_1              &                         1.442375e-01 &          2.322028e-09 &               1.160961e-10 &                      4.585772e-08 &            1.000000e+00 &         1.572530e-02 &              1.635752e-01 &      2.040957e-06 &       1.211767e-11 &               4.258715e-10 &           2.055408e-10 &             1.155136e-11 &             6.097287e-47 &       3.833314e-02 &       2.880623e-03 &             8.397135e-01 &       5.818101e-01 \\
gkiokas2012/default                 &                         4.152938e-01 &          2.807614e-04 &               3.265747e-05 &                      4.208455e-13 &            1.572530e-02 &         1.000000e+00 &              2.959770e-01 &      4.376627e-11 &       7.251742e-06 &               4.789633e-16 &           7.111687e-05 &             2.505699e-05 &             1.608313e-36 &       8.397135e-01 &       5.364946e-01 &             3.576537e-02 &       7.893193e-02 \\
klapuri2006/percival2014            &                         8.843330e-01 &          1.442805e-06 &               2.412223e-07 &                      6.235181e-20 &            1.635752e-01 &         2.959770e-01 &              1.000000e+00 &      1.349409e-16 &       1.195585e-12 &               6.144944e-15 &           1.762544e-08 &             5.399043e-10 &             1.135393e-45 &       4.224040e-01 &       7.267037e-02 &             2.016429e-01 &       3.822794e-01 \\
oliveira2010/ibt                    &                         4.107007e-10 &          3.797383e-22 &               3.548612e-22 &                      2.233906e-01 &            2.040957e-06 &         4.376627e-11 &              1.349409e-16 &      1.000000e+00 &       2.428631e-33 &               1.548470e-02 &           6.064804e-26 &             1.532476e-28 &             7.861756e-70 &       9.107639e-12 &       2.082575e-13 &             1.705692e-08 &       2.461785e-10 \\
percival2014/stem                   &                         5.296094e-08 &          6.096820e-01 &               1.000000e+00 &                      1.093178e-37 &            1.211767e-11 &         7.251742e-06 &              1.195585e-12 &      2.428631e-33 &       1.000000e+00 &               6.127139e-34 &           4.777753e-01 &             8.698521e-01 &             1.116825e-19 &       3.616398e-06 &       1.818059e-04 &             6.244338e-12 &       2.559384e-13 \\
scheirer1998/percival2014           &                         2.086171e-13 &          7.509460e-28 &               1.160436e-29 &                      9.367628e-02 &            4.258715e-10 &         4.789633e-16 &              6.144944e-15 &      1.548470e-02 &       6.127139e-34 &               1.000000e+00 &           8.729287e-29 &             3.753630e-31 &             3.085306e-61 &       5.092255e-15 &       2.073715e-17 &             1.287037e-10 &       2.375106e-12 \\
schreiber2014/default               &                         8.094646e-07 &          1.000000e+00 &               4.683044e-01 &                      7.092016e-28 &            2.055408e-10 &         7.111687e-05 &              1.762544e-08 &      6.064804e-26 &       4.777753e-01 &               8.729287e-29 &           1.000000e+00 &             6.135053e-01 &             9.191927e-26 &       3.222392e-05 &       1.190080e-03 &             1.819242e-11 &       9.490407e-10 \\
schreiber2017/ismir2017             &                         4.398434e-08 &          7.447910e-01 &               8.147826e-01 &                      6.394038e-31 &            1.155136e-11 &         2.505699e-05 &              5.399043e-10 &      1.532476e-28 &       8.698521e-01 &               3.753630e-31 &           6.135053e-01 &             1.000000e+00 &             4.226213e-32 &       1.788007e-06 &       1.711890e-04 &             2.964826e-12 &       1.627616e-11 \\
schreiber2017/mirex2017             &                         7.052850e-40 &          7.352579e-19 &               9.313225e-16 &                      8.681159e-74 &            6.097287e-47 &         1.608313e-36 &              1.135393e-45 &      7.861756e-70 &       1.116825e-19 &               3.085306e-61 &           9.191927e-26 &             4.226213e-32 &             1.000000e+00 &       1.417295e-40 &       1.540070e-33 &             3.698680e-48 &       4.744316e-48 \\
schreiber2018/cnn                   &                         5.257929e-01 &          6.022082e-05 &               1.187191e-05 &                      1.324865e-14 &            3.833314e-02 &         8.397135e-01 &              4.224040e-01 &      9.107639e-12 &       3.616398e-06 &               5.092255e-15 &           3.222392e-05 &             1.788007e-06 &             1.417295e-40 &       1.000000e+00 &       2.684524e-01 &             1.877097e-02 &       1.132860e-01 \\
schreiber2018/fcn                   &                         1.019973e-01 &          2.118522e-03 &               3.525654e-04 &                      2.708895e-17 &            2.880623e-03 &         5.364946e-01 &              7.267037e-02 &      2.082575e-13 &       1.818059e-04 &               2.073715e-17 &           1.190080e-03 &             1.711890e-04 &             1.540070e-33 &       2.684524e-01 &       1.000000e+00 &             9.535863e-04 &       1.192523e-02 \\
schreiber2018/ismir2018             &                         1.213353e-01 &          2.267086e-09 &               4.458837e-10 &                      3.196351e-10 &            8.397135e-01 &         3.576537e-02 &              2.016429e-01 &      1.705692e-08 &       6.244338e-12 &               1.287037e-10 &           1.819242e-11 &             2.964826e-12 &             3.698680e-48 &       1.877097e-02 &       9.535863e-04 &             1.000000e+00 &       7.554969e-01 \\
zplane/auftakt\_v3                   &                         3.352344e-01 &          3.560879e-08 &               3.722024e-09 &                      1.179181e-11 &            5.818101e-01 &         7.893193e-02 &              3.822794e-01 &      2.461785e-10 &       2.559384e-13 &               2.375106e-12 &           9.490407e-10 &             1.627616e-11 &             4.744316e-48 &       1.132860e-01 &       1.192523e-02 &             7.554969e-01 &       1.000000e+00 \\
\bottomrule
\end{tabular}
