\begin{tabular}{lrrrrrrrrrrrrrrrrr}
\toprule
{} &  boeck2015/tempodetector2016\_default &  boeck2019/multi\_task &  boeck2019/multi\_task\_hjdb &  davies2009/mirex\_qm\_tempotracker &  echonest/version\_3\_2\_1 &  gkiokas2012/default &  klapuri2006/percival2014 &  oliveira2010/ibt &  percival2014/stem &  scheirer1998/percival2014 &  schreiber2014/default &  schreiber2017/ismir2017 &  schreiber2017/mirex2017 &  schreiber2018/cnn &  schreiber2018/fcn &  schreiber2018/ismir2018 &  zplane/auftakt\_v3 \\
Estimator                           &                                      &                       &                            &                                   &                         &                      &                           &                   &                    &                            &                        &                          &                          &                    &                    &                          &                    \\
\midrule
boeck2015/tempodetector2016\_default &                         1.000000e+00 &          7.400088e-01 &               6.621958e-01 &                      5.649936e-09 &            1.070323e-12 &         1.717617e-02 &              9.474969e-03 &      6.992925e-12 &       5.518193e-01 &               3.623470e-34 &           3.161238e-03 &             1.790067e-01 &             4.823685e-03 &       9.831494e-01 &       8.634376e-01 &             8.917111e-03 &       2.021650e-10 \\
boeck2019/multi\_task                &                         7.400088e-01 &          1.000000e+00 &               7.428692e-01 &                      6.273711e-07 &            5.243900e-12 &         6.874398e-02 &              2.189055e-02 &      4.892567e-10 &       7.928195e-01 &               2.810472e-33 &           3.633982e-03 &             2.842949e-01 &             3.890070e-03 &       7.517536e-01 &       6.222834e-01 &             2.160299e-02 &       5.115591e-09 \\
boeck2019/multi\_task\_hjdb           &                         6.621958e-01 &          7.428692e-01 &               1.000000e+00 &                      1.132175e-06 &            1.432033e-11 &         8.498066e-02 &              3.075589e-02 &      1.097562e-09 &       8.702663e-01 &               1.335907e-32 &           4.308698e-03 &             3.149108e-01 &             1.925624e-03 &       6.830204e-01 &       5.384204e-01 &             2.486490e-02 &       4.712039e-09 \\
davies2009/mirex\_qm\_tempotracker    &                         5.649936e-09 &          6.273711e-07 &               1.132175e-06 &                      1.000000e+00 &            1.057396e-02 &         4.669029e-03 &              8.012196e-03 &      1.169525e-02 &       1.108338e-06 &               1.121423e-21 &           4.271274e-02 &             1.654761e-04 &             1.700679e-17 &       3.790698e-07 &       2.017303e-08 &             2.110564e-02 &       4.918992e-02 \\
echonest/version\_3\_2\_1              &                         1.070323e-12 &          5.243900e-12 &               1.432033e-11 &                      1.057396e-02 &            1.000000e+00 &         9.757453e-07 &              9.575728e-07 &      7.785874e-01 &       1.422748e-10 &               9.335628e-13 &           1.638265e-06 &             1.202368e-09 &             1.854508e-18 &       2.824345e-11 &       1.371914e-11 &             3.348974e-06 &       5.656552e-01 \\
gkiokas2012/default                 &                         1.717617e-02 &          6.874398e-02 &               8.498066e-02 &                      4.669029e-03 &            9.757453e-07 &         1.000000e+00 &              6.853998e-01 &      9.381163e-07 &       1.008952e-01 &               1.439234e-27 &           4.834805e-01 &             4.055614e-01 &             1.192792e-05 &       3.595694e-02 &       2.347377e-02 &             6.608986e-01 &       4.137291e-05 \\
klapuri2006/percival2014            &                         9.474969e-03 &          2.189055e-02 &               3.075589e-02 &                      8.012196e-03 &            9.575728e-07 &         6.853998e-01 &              1.000000e+00 &      2.051199e-07 &       3.130333e-02 &               8.784550e-27 &           7.635776e-01 &             1.880862e-01 &             2.753524e-07 &       1.029561e-02 &       2.836264e-03 &             9.668720e-01 &       1.486109e-05 \\
oliveira2010/ibt                    &                         6.992925e-12 &          4.892567e-10 &               1.097562e-09 &                      1.169525e-02 &            7.785874e-01 &         9.381163e-07 &              2.051199e-07 &      1.000000e+00 &       1.586127e-11 &               3.450963e-14 &           1.353197e-05 &             9.361333e-09 &             2.525828e-21 &       1.207864e-11 &       3.273516e-13 &             6.542901e-06 &       7.299335e-01 \\
percival2014/stem                   &                         5.518193e-01 &          7.928195e-01 &               8.702663e-01 &                      1.108338e-06 &            1.422748e-10 &         1.008952e-01 &              3.130333e-02 &      1.586127e-11 &       1.000000e+00 &               7.592245e-33 &           1.225126e-02 &             4.247184e-01 &             9.793408e-04 &       4.895179e-01 &       4.342061e-01 &             1.783057e-02 &       7.659263e-09 \\
scheirer1998/percival2014           &                         3.623470e-34 &          2.810472e-33 &               1.335907e-32 &                      1.121423e-21 &            9.335628e-13 &         1.439234e-27 &              8.784550e-27 &      3.450963e-14 &       7.592245e-33 &               1.000000e+00 &           8.762600e-26 &             8.063675e-30 &             1.120585e-42 &       1.988822e-34 &       9.421530e-35 &             5.612614e-26 &       2.141030e-14 \\
schreiber2014/default               &                         3.161238e-03 &          3.633982e-03 &               4.308698e-03 &                      4.271274e-02 &            1.638265e-06 &         4.834805e-01 &              7.635776e-01 &      1.353197e-05 &       1.225126e-02 &               8.762600e-26 &           1.000000e+00 &             2.266312e-02 &             4.545606e-09 &       1.329686e-03 &       1.648983e-03 &             7.816484e-01 &       8.844490e-05 \\
schreiber2017/ismir2017             &                         1.790067e-01 &          2.842949e-01 &               3.149108e-01 &                      1.654761e-04 &            1.202368e-09 &         4.055614e-01 &              1.880862e-01 &      9.361333e-09 &       4.247184e-01 &               8.063675e-30 &           2.266312e-02 &             1.000000e+00 &             8.309030e-07 &       1.152401e-01 &       1.086544e-01 &             1.324382e-01 &       2.888683e-07 \\
schreiber2017/mirex2017             &                         4.823685e-03 &          3.890070e-03 &               1.925624e-03 &                      1.700679e-17 &            1.854508e-18 &         1.192792e-05 &              2.753524e-07 &      2.525828e-21 &       9.793408e-04 &               1.120585e-42 &           4.545606e-09 &             8.309030e-07 &             1.000000e+00 &       5.889708e-03 &       7.888925e-03 &             2.493809e-07 &       5.046359e-16 \\
schreiber2018/cnn                   &                         9.831494e-01 &          7.517536e-01 &               6.830204e-01 &                      3.790698e-07 &            2.824345e-11 &         3.595694e-02 &              1.029561e-02 &      1.207864e-11 &       4.895179e-01 &               1.988822e-34 &           1.329686e-03 &             1.152401e-01 &             5.889708e-03 &       1.000000e+00 &       8.520134e-01 &             1.752867e-03 &       1.339620e-10 \\
schreiber2018/fcn                   &                         8.634376e-01 &          6.222834e-01 &               5.384204e-01 &                      2.017303e-08 &            1.371914e-11 &         2.347377e-02 &              2.836264e-03 &      3.273516e-13 &       4.342061e-01 &               9.421530e-35 &           1.648983e-03 &             1.086544e-01 &             7.888925e-03 &       8.520134e-01 &       1.000000e+00 &             2.900980e-03 &       1.220289e-10 \\
schreiber2018/ismir2018             &                         8.917111e-03 &          2.160299e-02 &               2.486490e-02 &                      2.110564e-02 &            3.348974e-06 &         6.608986e-01 &              9.668720e-01 &      6.542901e-06 &       1.783057e-02 &               5.612614e-26 &           7.816484e-01 &             1.324382e-01 &             2.493809e-07 &       1.752867e-03 &       2.900980e-03 &             1.000000e+00 &       7.452170e-05 \\
zplane/auftakt\_v3                   &                         2.021650e-10 &          5.115591e-09 &               4.712039e-09 &                      4.918992e-02 &            5.656552e-01 &         4.137291e-05 &              1.486109e-05 &      7.299335e-01 &       7.659263e-09 &               2.141030e-14 &           8.844490e-05 &             2.888683e-07 &             5.046359e-16 &       1.339620e-10 &       1.220289e-10 &             7.452170e-05 &       1.000000e+00 \\
\bottomrule
\end{tabular}
