\begin{tabular}{lrrrrrrrrrrrrrrrrrr}
\toprule
{} &  boeck2015/tempodetector2016\_default &  boeck2019/multi\_task &  boeck2019/multi\_task\_hjdb &  boeck2020/dar &  davies2009/mirex\_qm\_tempotracker &  echonest/version\_3\_2\_1 &  gkiokas2012/default &  klapuri2006/percival2014 &  oliveira2010/ibt &  percival2014/stem &  scheirer1998/percival2014 &  schreiber2014/default &  schreiber2017/ismir2017 &  schreiber2017/mirex2017 &  schreiber2018/cnn &  schreiber2018/fcn &  schreiber2018/ismir2018 &  zplane/auftakt\_v3 \\
Estimator                           &                                      &                       &                            &                &                                   &                         &                      &                           &                   &                    &                            &                        &                          &                          &                    &                    &                          &                    \\
\midrule
boeck2015/tempodetector2016\_default &                         1.000000e+00 &          5.200775e-01 &               2.781094e-01 &   9.948980e-01 &                      3.810608e-09 &            1.015895e-02 &         1.744564e-01 &              7.212732e-03 &      5.202061e-04 &       6.176872e-01 &               1.211365e-04 &           3.475107e-04 &             7.460225e-02 &             2.797446e-01 &       8.893732e-02 &       4.936728e-02 &             9.308705e-02 &       4.199610e-04 \\
boeck2019/multi\_task                &                         5.200775e-01 &          1.000000e+00 &               2.720081e-01 &   4.276260e-01 &                      5.757424e-09 &            3.453194e-02 &         5.970396e-01 &              6.813981e-02 &      3.562983e-03 &       9.451789e-01 &               4.669912e-05 &           7.545868e-04 &             1.892050e-01 &             6.744282e-01 &       3.303547e-01 &       1.359189e-01 &             2.633034e-01 &       4.851931e-03 \\
boeck2019/multi\_task\_hjdb           &                         2.781094e-01 &          2.720081e-01 &               1.000000e+00 &   1.805446e-01 &                      1.017929e-09 &            7.273725e-02 &         8.400585e-01 &              1.212132e-01 &      7.553564e-03 &       6.638832e-01 &               2.548849e-05 &           1.738626e-03 &             3.299372e-01 &             9.660762e-01 &       5.370210e-01 &       2.825772e-01 &             4.269089e-01 &       1.011074e-02 \\
boeck2020/dar                       &                         9.948980e-01 &          4.276260e-01 &               1.805446e-01 &   1.000000e+00 &                      6.263025e-09 &            9.882832e-03 &         2.924492e-01 &              1.014960e-02 &      3.058568e-04 &       5.995403e-01 &               1.364077e-04 &           9.489872e-05 &             3.850769e-02 &             2.383272e-01 &       1.059619e-01 &       3.644387e-02 &             8.895801e-02 &       4.738098e-04 \\
davies2009/mirex\_qm\_tempotracker    &                         3.810608e-09 &          5.757424e-09 &               1.017929e-09 &   6.263025e-09 &                      1.000000e+00 &            2.059793e-10 &         1.800026e-09 &              1.222400e-14 &      1.005127e-16 &       6.930683e-08 &               5.135506e-01 &           2.238872e-14 &             5.114202e-10 &             1.089829e-11 &       3.589619e-10 &       3.039344e-13 &             1.490573e-09 &       9.682229e-13 \\
echonest/version\_3\_2\_1              &                         1.015895e-02 &          3.453194e-02 &               7.273725e-02 &   9.882832e-03 &                      2.059793e-10 &            1.000000e+00 &         1.778708e-01 &              7.084791e-01 &      4.875224e-01 &       3.187102e-02 &               3.090976e-07 &           6.644563e-01 &             2.639046e-01 &             6.310193e-02 &       2.533115e-01 &       2.848900e-01 &             3.126437e-01 &       5.444173e-01 \\
gkiokas2012/default                 &                         1.744564e-01 &          5.970396e-01 &               8.400585e-01 &   2.924492e-01 &                      1.800026e-09 &            1.778708e-01 &         1.000000e+00 &              1.974006e-01 &      2.528280e-02 &       4.715970e-01 &               1.091518e-05 &           2.839983e-02 &             6.336158e-01 &             7.118658e-01 &       7.416385e-01 &       6.387594e-01 &             6.666333e-01 &       3.097481e-02 \\
klapuri2006/percival2014            &                         7.212732e-03 &          6.813981e-02 &               1.212132e-01 &   1.014960e-02 &                      1.222400e-14 &            7.084791e-01 &         1.974006e-01 &              1.000000e+00 &      1.883180e-01 &       4.505315e-02 &               2.200707e-07 &           3.512058e-01 &             3.934047e-01 &             6.458533e-02 &       3.435456e-01 &       3.585773e-01 &             4.594741e-01 &       2.687820e-01 \\
oliveira2010/ibt                    &                         5.202061e-04 &          3.562983e-03 &               7.553564e-03 &   3.058568e-04 &                      1.005127e-16 &            4.875224e-01 &         2.528280e-02 &              1.883180e-01 &      1.000000e+00 &       2.426787e-03 &               1.247117e-08 &           7.137011e-01 &             5.027114e-02 &             3.344839e-03 &       4.779135e-02 &       4.738341e-02 &             8.837356e-02 &       9.615581e-01 \\
percival2014/stem                   &                         6.176872e-01 &          9.451789e-01 &               6.638832e-01 &   5.995403e-01 &                      6.930683e-08 &            3.187102e-02 &         4.715970e-01 &              4.505315e-02 &      2.426787e-03 &       1.000000e+00 &               9.549100e-05 &           1.137950e-03 &             1.790822e-01 &             5.953143e-01 &       2.775070e-01 &       1.930778e-01 &             1.841219e-01 &       6.171055e-03 \\
scheirer1998/percival2014           &                         1.211365e-04 &          4.669912e-05 &               2.548849e-05 &   1.364077e-04 &                      5.135506e-01 &            3.090976e-07 &         1.091518e-05 &              2.200707e-07 &      1.247117e-08 &       9.549100e-05 &               1.000000e+00 &           9.491320e-09 &             5.765902e-06 &             1.703940e-05 &       7.745250e-06 &       2.312775e-06 &             1.008904e-05 &       3.362419e-08 \\
schreiber2014/default               &                         3.475107e-04 &          7.545868e-04 &               1.738626e-03 &   9.489872e-05 &                      2.238872e-14 &            6.644563e-01 &         2.839983e-02 &              3.512058e-01 &      7.137011e-01 &       1.137950e-03 &               9.491320e-09 &           1.000000e+00 &             1.247232e-02 &             2.137204e-03 &       4.961923e-02 &       6.187714e-02 &             9.106181e-02 &       7.572513e-01 \\
schreiber2017/ismir2017             &                         7.460225e-02 &          1.892050e-01 &               3.299372e-01 &   3.850769e-02 &                      5.114202e-10 &            2.639046e-01 &         6.336158e-01 &              3.934047e-01 &      5.027114e-02 &       1.790822e-01 &               5.765902e-06 &           1.247232e-02 &             1.000000e+00 &             2.186567e-01 &       8.803113e-01 &       9.876095e-01 &             9.612790e-01 &       5.717118e-02 \\
schreiber2017/mirex2017             &                         2.797446e-01 &          6.744282e-01 &               9.660762e-01 &   2.383272e-01 &                      1.089829e-11 &            6.310193e-02 &         7.118658e-01 &              6.458533e-02 &      3.344839e-03 &       5.953143e-01 &               1.703940e-05 &           2.137204e-03 &             2.186567e-01 &             1.000000e+00 &       4.092647e-01 &       2.741287e-01 &             3.829549e-01 &       8.143189e-03 \\
schreiber2018/cnn                   &                         8.893732e-02 &          3.303547e-01 &               5.370210e-01 &   1.059619e-01 &                      3.589619e-10 &            2.533115e-01 &         7.416385e-01 &              3.435456e-01 &      4.779135e-02 &       2.775070e-01 &               7.745250e-06 &           4.961923e-02 &             8.803113e-01 &             4.092647e-01 &       1.000000e+00 &       8.651687e-01 &             8.606953e-01 &       5.077543e-02 \\
schreiber2018/fcn                   &                         4.936728e-02 &          1.359189e-01 &               2.825772e-01 &   3.644387e-02 &                      3.039344e-13 &            2.848900e-01 &         6.387594e-01 &              3.585773e-01 &      4.738341e-02 &       1.930778e-01 &               2.312775e-06 &           6.187714e-02 &             9.876095e-01 &             2.741287e-01 &       8.651687e-01 &       1.000000e+00 &             9.519027e-01 &       6.641665e-02 \\
schreiber2018/ismir2018             &                         9.308705e-02 &          2.633034e-01 &               4.269089e-01 &   8.895801e-02 &                      1.490573e-09 &            3.126437e-01 &         6.666333e-01 &              4.594741e-01 &      8.837356e-02 &       1.841219e-01 &               1.008904e-05 &           9.106181e-02 &             9.612790e-01 &             3.829549e-01 &       8.606953e-01 &       9.519027e-01 &             1.000000e+00 &       1.055137e-01 \\
zplane/auftakt\_v3                   &                         4.199610e-04 &          4.851931e-03 &               1.011074e-02 &   4.738098e-04 &                      9.682229e-13 &            5.444173e-01 &         3.097481e-02 &              2.687820e-01 &      9.615581e-01 &       6.171055e-03 &               3.362419e-08 &           7.572513e-01 &             5.717118e-02 &             8.143189e-03 &       5.077543e-02 &       6.641665e-02 &             1.055137e-01 &       1.000000e+00 \\
\bottomrule
\end{tabular}
