\begin{tabular}{lrrrrrrrrrrrrrrr}
\toprule
{} &  boeck2015/tempodetector2016\_default &  davies2009/mirex\_qm\_tempotracker &  echonest/version\_3\_2\_1 &  gkiokas2012/default &  klapuri2006/percival2014 &  oliveira2010/ibt &  percival2014/stem &  scheirer1998/percival2014 &  schreiber2014/default &  schreiber2017/ismir2017 &  schreiber2017/mirex2017 &  schreiber2018/cnn &  schreiber2018/fcn &  schreiber2018/ismir2018 &  zplane/auftakt\_v3 \\
Estimator                           &                                      &                                   &                         &                      &                           &                   &                    &                            &                        &                          &                          &                    &                    &                          &                    \\
\midrule
boeck2015/tempodetector2016\_default &                         1.000000e+00 &                      1.687820e-17 &            2.520272e-16 &         1.610710e-08 &              2.872980e-01 &      4.351708e-05 &       3.167879e-21 &               9.327834e-15 &           1.044051e-27 &             1.670369e-14 &             6.040369e-22 &       2.564331e-02 &       7.044726e-07 &             5.785290e-01 &       4.876748e-03 \\
davies2009/mirex\_qm\_tempotracker    &                         1.687820e-17 &                      1.000000e+00 &            7.361320e-53 &         3.549160e-39 &              2.883299e-36 &      9.931849e-11 &       2.023853e-69 &               1.088248e-58 &           2.964923e-73 &             8.856309e-53 &             1.292998e-60 &       2.241014e-24 &       1.832236e-33 &             6.633866e-21 &       4.083617e-35 \\
echonest/version\_3\_2\_1              &                         2.520272e-16 &                      7.361320e-53 &            1.000000e+00 &         7.182659e-03 &              3.338317e-16 &      2.252883e-37 &       6.144444e-01 &               6.944904e-01 &           9.258271e-02 &             7.058992e-01 &             7.933561e-02 &       9.148062e-12 &       4.811197e-05 &             5.855074e-18 &       3.036609e-10 \\
gkiokas2012/default                 &                         1.610710e-08 &                      3.549160e-39 &            7.182659e-03 &         1.000000e+00 &              2.024820e-07 &      5.637700e-22 &       5.661924e-04 &               5.110014e-03 &           6.450271e-06 &             3.137608e-02 &             6.136603e-05 &       7.935922e-05 &       2.040380e-01 &             1.107941e-07 &       5.096881e-04 \\
klapuri2006/percival2014            &                         2.872980e-01 &                      2.883299e-36 &            3.338317e-16 &         2.024820e-07 &              1.000000e+00 &      1.193262e-16 &       1.595835e-29 &               3.275142e-17 &           2.257338e-30 &             3.731722e-15 &             2.823146e-22 &       3.243512e-01 &       1.236024e-04 &             4.934915e-01 &       2.408471e-02 \\
oliveira2010/ibt                    &                         4.351708e-05 &                      9.931849e-11 &            2.252883e-37 &         5.637700e-22 &              1.193262e-16 &      1.000000e+00 &       5.026726e-50 &               2.984775e-38 &           6.462517e-54 &             1.556762e-41 &             3.952545e-50 &       5.054347e-10 &       3.518754e-17 &             6.946283e-08 &       6.532530e-20 \\
percival2014/stem                   &                         3.167879e-21 &                      2.023853e-69 &            6.144444e-01 &         5.661924e-04 &              1.595835e-29 &      5.026726e-50 &       1.000000e+00 &               9.736862e-01 &           1.874873e-01 &             3.920283e-01 &             2.007842e-01 &       1.558102e-14 &       1.124338e-06 &             1.168293e-22 &       3.478199e-17 \\
scheirer1998/percival2014           &                         9.327834e-15 &                      1.088248e-58 &            6.944904e-01 &         5.110014e-03 &              3.275142e-17 &      2.984775e-38 &       9.736862e-01 &               1.000000e+00 &           3.727254e-01 &             5.868501e-01 &             2.126804e-01 &       6.780740e-10 &       7.204030e-05 &             7.957099e-15 &       6.817644e-11 \\
schreiber2014/default               &                         1.044051e-27 &                      2.964923e-73 &            9.258271e-02 &         6.450271e-06 &              2.257338e-30 &      6.462517e-54 &       1.874873e-01 &               3.727254e-01 &           1.000000e+00 &             5.723492e-02 &             7.351286e-01 &       8.820520e-20 &       2.662888e-10 &             4.678468e-32 &       2.090373e-19 \\
schreiber2017/ismir2017             &                         1.670369e-14 &                      8.856309e-53 &            7.058992e-01 &         3.137608e-02 &              3.731722e-15 &      1.556762e-41 &       3.920283e-01 &               5.868501e-01 &           5.723492e-02 &             1.000000e+00 &             2.053313e-08 &       2.726817e-10 &       5.884688e-04 &             1.824206e-15 &       9.572901e-09 \\
schreiber2017/mirex2017             &                         6.040369e-22 &                      1.292998e-60 &            7.933561e-02 &         6.136603e-05 &              2.823146e-22 &      3.952545e-50 &       2.007842e-01 &               2.126804e-01 &           7.351286e-01 &             2.053313e-08 &             1.000000e+00 &       1.317669e-16 &       3.554775e-08 &             4.362911e-24 &       6.028532e-14 \\
schreiber2018/cnn                   &                         2.564331e-02 &                      2.241014e-24 &            9.148062e-12 &         7.935922e-05 &              3.243512e-01 &      5.054347e-10 &       1.558102e-14 &               6.780740e-10 &           8.820520e-20 &             2.726817e-10 &             1.317669e-16 &       1.000000e+00 &       7.445878e-04 &             5.690345e-02 &       4.599745e-01 \\
schreiber2018/fcn                   &                         7.044726e-07 &                      1.832236e-33 &            4.811197e-05 &         2.040380e-01 &              1.236024e-04 &      3.518754e-17 &       1.124338e-06 &               7.204030e-05 &           2.662888e-10 &             5.884688e-04 &             3.554775e-08 &       7.445878e-04 &       1.000000e+00 &             4.342295e-07 &       3.521707e-02 \\
schreiber2018/ismir2018             &                         5.785290e-01 &                      6.633866e-21 &            5.855074e-18 &         1.107941e-07 &              4.934915e-01 &      6.946283e-08 &       1.168293e-22 &               7.957099e-15 &           4.678468e-32 &             1.824206e-15 &             4.362911e-24 &       5.690345e-02 &       4.342295e-07 &             1.000000e+00 &       1.126935e-02 \\
zplane/auftakt\_v3                   &                         4.876748e-03 &                      4.083617e-35 &            3.036609e-10 &         5.096881e-04 &              2.408471e-02 &      6.532530e-20 &       3.478199e-17 &               6.817644e-11 &           2.090373e-19 &             9.572901e-09 &             6.028532e-14 &       4.599745e-01 &       3.521707e-02 &             1.126935e-02 &       1.000000e+00 \\
\bottomrule
\end{tabular}
