Item,davies2009/mirex_qm_tempotracker,sun2021/default,klapuri2006/percival2014,boeck2019/multi_task_hjdb,boeck2019/multi_task,boeck2020/dar,schreiber2018/fcn,schreiber2018/ismir2018,schreiber2018/cnn,percival2014/stem,gkiokas2012/default,schreiber2017/mirex2017,schreiber2017/ismir2017,scheirer1998/percival2014,zplane/auftakt_v3,oliveira2010/ibt,boeck2015/tempodetector2016_default,echonest/version_3_2_1,schreiber2014/default
blues.00000.jams,True,True,True,True,True,True,True,True,True,True,False,True,True,False,True,True,True,True,True
blues.00001.jams,True,False,True,True,True,True,False,False,True,True,True,True,True,True,True,False,True,True,False
blues.00002.jams,True,True,True,False,True,True,True,True,True,False,False,True,True,True,False,True,True,False,False
blues.00003.jams,True,True,True,True,True,True,True,False,True,False,True,True,True,True,False,False,True,True,False
blues.00004.jams,True,True,True,True,True,True,True,True,True,True,False,True,True,False,True,True,True,True,True
blues.00005.jams,True,False,True,True,True,True,True,False,True,True,True,True,True,True,True,False,True,False,False
blues.00006.jams,False,False,False,True,True,True,True,False,False,True,True,True,True,False,False,False,True,True,True
blues.00007.jams,False,False,True,True,True,True,True,True,True,True,True,True,True,True,True,True,True,True,True
blues.00008.jams,False,True,False,False,False,True,True,True,True,False,False,True,False,False,False,False,False,True,False
blues.00009.jams,False,True,True,True,True,True,True,True,True,True,True,True,True,True,True,True,True,True,True
blues.00010.jams,True,True,False,True,True,True,False,True,True,False,False,True,False,False,True,True,True,True,False
blues.00011.jams,False,False,False,True,True,False,False,False,False,True,True,True,False,False,False,False,False,False,False
blues.00012.jams,True,True,True,True,True,True,True,True,True,True,True,True,True,True,True,True,True,True,True
blues.00013.jams,True,True,True,True,True,True,True,True,True,True,True,True,True,False,True,True,True,True,True
blues.00014.jams,True,True,True,True,True,True,True,True,True,True,True,True,True,False,True,True,True,True,True
blues.00015.jams,True,True,True,True,True,True,True,True,False,True,True,True,True,True,True,True,True,True,True
blues.00016.jams,True,True,True,True,True,False,True,True,True,True,True,True,True,True,True,True,False,True,True
blues.00017.jams,True,False,False,False,False,True,False,False,False,False,False,False,False,False,False,False,True,False,False
blues.00018.jams,True,True,True,True,True,True,True,True,True,True,True,True,True,True,False,True,True,True,True
blues.00019.jams,True,True,True,True,True,True,True,True,True,True,True,True,True,False,True,True,True,True,True
blues.00020.jams,True,True,True,True,True,True,True,True,True,True,True,True,False,False,True,True,True,False,True
blues.00021.jams,True,True,True,True,True,True,True,True,True,True,True,False,True,True,True,True,True,True,True
blues.00022.jams,True,True,True,True,True,True,True,True,False,True,True,True,True,True,True,True,True,False,True
blues.00023.jams,False,False,False,False,False,False,False,False,False,False,False,False,False,False,False,False,False,False,False
blues.00024.jams,True,True,True,True,True,True,True,True,True,True,True,True,True,True,True,True,True,True,True
blues.00025.jams,False,True,True,True,True,True,True,True,True,True,True,True,True,True,True,False,False,True,True
blues.00026.jams,True,True,True,True,True,True,True,True,True,True,True,True,True,True,True,True,True,True,True
blues.00027.jams,True,True,True,True,True,True,True,True,True,True,True,True,True,True,True,True,True,True,True
blues.00028.jams,True,True,True,True,True,True,True,True,True,True,True,True,True,True,True,True,True,True,True
blues.00029.jams,False,False,False,False,False,True,False,False,False,False,False,False,False,False,False,True,True,False,False
blues.00030.jams,False,True,True,False,False,True,True,True,True,False,True,True,True,False,True,True,True,False,True
blues.00031.jams,True,True,False,False,False,True,True,False,True,False,True,False,False,True,True,True,False,False,False
blues.00032.jams,False,False,False,True,True,False,False,True,False,False,True,True,False,False,False,False,False,False,False
blues.00033.jams,True,False,True,False,False,False,False,False,False,True,False,True,False,False,True,True,False,True,False
blues.00034.jams,False,False,True,True,True,True,True,True,True,True,True,True,True,False,True,True,True,True,True
blues.00035.jams,False,False,False,True,True,False,False,False,False,False,False,False,False,False,False,False,False,False,True
blues.00036.jams,True,True,True,False,True,True,True,True,True,False,False,True,True,True,True,True,False,True,True
blues.00037.jams,False,False,False,False,False,False,False,False,False,False,False,True,False,False,False,False,False,False,False
blues.00038.jams,False,True,True,False,False,True,True,True,True,True,True,True,True,False,False,False,True,False,True
blues.00039.jams,True,True,True,True,True,True,True,True,True,True,True,True,True,True,True,False,True,False,False
blues.00040.jams,False,False,True,False,True,False,False,True,False,True,False,True,False,False,True,True,False,False,True
blues.00041.jams,True,True,True,False,True,True,True,True,True,True,False,True,True,False,True,True,True,True,True
blues.00042.jams,False,False,False,False,False,False,True,False,True,True,False,False,False,False,False,False,False,False,False
blues.00043.jams,True,True,True,True,True,True,True,True,True,True,False,True,True,True,True,True,True,True,True
blues.00044.jams,True,False,True,True,True,True,True,True,True,True,False,True,True,False,True,False,True,True,True
blues.00045.jams,True,True,True,True,True,True,True,True,True,True,True,True,True,True,True,True,True,True,True
blues.00046.jams,True,True,True,True,True,True,True,True,True,True,True,True,True,True,True,True,True,True,True
blues.00047.jams,False,False,False,False,False,False,False,False,False,True,False,False,False,False,False,False,False,False,False
blues.00048.jams,True,True,True,True,True,True,True,True,True,True,True,True,True,True,True,True,True,False,True
blues.00049.jams,False,True,False,True,True,True,False,True,True,False,True,True,True,False,False,False,True,True,True
blues.00050.jams,True,True,True,True,True,True,True,True,True,False,False,True,True,False,True,True,True,True,True
blues.00051.jams,True,False,True,True,True,False,False,False,False,True,True,True,True,True,True,True,True,True,True
blues.00052.jams,False,False,False,False,False,False,True,False,True,True,True,True,False,False,False,False,False,False,False
blues.00053.jams,True,True,True,True,True,True,True,True,True,True,True,True,True,False,True,True,True,True,True
blues.00054.jams,True,False,True,True,True,False,False,False,False,True,True,True,True,True,True,True,True,False,True
blues.00055.jams,True,True,True,True,True,True,True,True,True,False,False,True,True,False,True,True,True,False,True
blues.00056.jams,False,False,False,False,False,False,True,False,True,True,True,True,False,False,False,False,False,False,False
blues.00057.jams,True,False,True,True,True,False,False,False,False,True,True,True,True,True,True,True,True,True,True
blues.00058.jams,True,True,True,True,True,True,True,True,True,True,True,True,True,True,True,True,True,True,True
blues.00059.jams,True,True,True,True,True,True,True,True,True,True,True,True,True,True,True,True,True,True,True
blues.00060.jams,False,False,False,False,False,False,False,False,False,True,True,True,False,True,False,False,False,False,False
blues.00061.jams,False,False,False,False,False,False,False,False,False,False,False,True,False,False,False,False,False,False,False
blues.00062.jams,True,True,True,True,True,True,True,True,True,True,True,True,True,True,True,True,True,True,True
blues.00063.jams,True,True,True,True,True,True,True,True,True,True,True,True,True,True,False,True,True,True,True
blues.00064.jams,True,False,True,True,False,False,False,False,False,True,True,True,False,False,False,False,False,True,True
blues.00065.jams,False,False,False,False,False,False,False,False,False,False,False,True,False,False,False,False,False,False,False
blues.00066.jams,True,False,True,False,False,False,False,False,False,True,True,True,True,True,True,False,False,False,True
blues.00067.jams,True,False,True,False,False,False,False,False,True,True,True,True,True,False,True,False,False,True,True
blues.00068.jams,False,False,True,False,False,False,False,False,False,True,True,True,True,False,False,False,False,False,True
blues.00069.jams,True,True,False,True,True,True,True,False,True,True,True,False,False,False,False,False,True,True,False
blues.00070.jams,False,False,False,False,False,False,False,False,False,True,True,True,False,True,True,False,False,False,True
blues.00071.jams,True,False,False,True,False,False,False,False,False,True,False,True,False,False,False,False,False,False,False
blues.00072.jams,False,True,False,True,True,True,True,True,True,False,True,True,True,False,False,False,True,True,False
blues.00073.jams,False,False,False,False,False,False,False,False,False,False,False,True,False,False,False,False,False,False,False
blues.00074.jams,True,True,True,True,True,True,True,True,True,True,True,True,True,True,True,True,True,True,True
blues.00075.jams,False,False,False,False,False,False,False,False,False,False,False,True,False,False,False,False,False,False,False
blues.00076.jams,False,False,False,True,False,False,False,False,False,False,False,False,False,False,False,False,False,False,False
blues.00077.jams,False,False,False,True,False,False,True,False,False,True,False,False,False,False,False,False,False,False,True
blues.00078.jams,True,True,True,True,True,False,True,True,True,True,True,True,True,True,True,True,True,True,True
blues.00079.jams,False,False,True,True,False,False,False,False,False,True,True,True,False,True,False,False,False,True,False
blues.00080.jams,True,True,True,True,True,True,True,True,True,True,True,True,True,True,True,True,True,True,True
blues.00081.jams,True,False,True,False,False,False,False,False,False,True,True,True,True,False,True,False,False,True,True
blues.00082.jams,False,False,False,True,False,False,False,False,False,False,False,False,False,True,False,False,False,False,False
blues.00083.jams,False,False,False,False,False,False,False,False,False,False,False,False,False,False,False,False,False,False,False
blues.00084.jams,True,True,True,True,True,True,True,True,True,True,True,True,True,True,True,True,True,True,True
blues.00085.jams,False,False,False,True,True,False,False,False,True,True,True,True,True,True,False,False,False,False,True
blues.00086.jams,False,False,False,False,False,False,False,False,False,False,False,True,False,False,False,False,False,False,False
blues.00087.jams,True,False,True,True,True,False,True,False,False,True,True,True,True,True,True,True,False,True,True
blues.00088.jams,False,False,True,True,True,True,True,False,True,True,True,True,True,False,True,True,False,False,True
blues.00089.jams,False,False,True,True,True,True,True,True,True,True,True,True,True,False,True,False,True,True,True
blues.00090.jams,False,False,False,True,False,False,True,False,True,True,False,True,True,True,False,False,False,False,False
blues.00091.jams,False,False,False,False,False,False,False,False,False,False,False,False,False,True,False,False,True,False,False
blues.00092.jams,True,True,True,True,True,True,True,True,True,True,True,True,True,True,True,False,True,True,True
blues.00093.jams,False,False,False,False,False,True,False,False,False,False,False,True,False,False,False,False,False,False,False
blues.00094.jams,False,False,False,False,False,False,False,False,False,False,False,True,False,False,False,False,False,False,False
blues.00095.jams,False,False,False,True,True,False,False,False,False,False,False,True,False,False,False,False,False,True,False
blues.00096.jams,False,False,False,True,True,False,False,False,False,False,False,False,False,False,False,False,False,False,True
blues.00097.jams,False,False,True,True,True,True,True,True,True,True,True,True,True,False,True,True,True,True,True
blues.00098.jams,True,True,True,True,True,True,True,True,True,True,True,True,True,False,True,True,True,True,True
blues.00099.jams,False,True,True,True,True,True,True,True,True,True,True,True,True,True,True,True,True,True,True
classical.00000.jams,False,True,True,True,True,True,True,True,True,True,True,True,True,True,True,True,True,True,True
classical.00001.jams,False,False,False,False,False,False,False,False,False,False,False,False,False,False,False,False,False,False,False
classical.00002.jams,False,True,True,True,True,True,False,True,False,True,True,True,True,True,True,True,False,True,True
classical.00003.jams,False,True,False,True,True,True,False,True,True,False,False,True,True,False,False,False,True,True,True
classical.00004.jams,True,True,True,True,True,True,True,True,True,True,True,True,True,False,False,False,False,False,True
classical.00005.jams,True,True,True,False,False,True,True,True,True,True,True,True,True,False,True,True,True,False,False
classical.00006.jams,False,True,False,False,False,False,False,False,False,False,False,True,False,False,False,False,False,False,False
classical.00007.jams,False,False,False,True,True,True,False,False,False,False,True,True,False,True,False,False,False,True,False
classical.00008.jams,True,True,True,False,False,True,True,True,True,True,True,False,True,True,False,False,True,False,False
classical.00009.jams,False,False,False,True,True,True,False,False,False,False,False,True,True,False,False,False,True,False,True
classical.00010.jams,False,True,True,True,True,True,True,True,True,True,True,True,True,False,True,True,False,True,True
classical.00011.jams,False,True,False,True,True,True,False,True,True,False,True,True,True,False,False,False,True,True,True
classical.00012.jams,False,False,False,False,False,True,False,True,False,False,True,False,False,False,False,False,True,True,True
classical.00013.jams,True,True,True,True,False,True,True,True,True,True,False,True,True,True,True,True,True,False,False
classical.00014.jams,True,True,True,False,False,False,True,False,True,True,False,True,False,False,False,True,False,False,False
classical.00015.jams,False,True,False,True,True,True,False,True,False,False,False,True,True,False,False,False,True,False,True
classical.00016.jams,False,False,False,False,False,False,False,False,False,False,False,False,False,False,False,False,False,False,False
classical.00017.jams,False,False,True,True,True,True,True,True,True,True,True,True,True,True,True,False,True,True,True
classical.00018.jams,False,False,False,True,True,True,False,True,True,True,False,False,False,False,False,False,True,False,True
classical.00019.jams,False,False,False,True,False,True,False,False,False,False,False,True,False,False,False,False,False,False,False
classical.00020.jams,False,True,True,False,False,True,True,True,True,True,False,True,True,True,True,True,True,False,False
classical.00021.jams,True,True,True,False,False,True,True,True,False,True,True,True,True,True,True,False,True,True,True
classical.00022.jams,True,True,True,True,True,True,True,True,True,True,True,True,True,False,True,True,True,True,True
classical.00023.jams,False,False,False,True,False,True,True,True,False,True,True,False,False,False,False,False,True,False,False
classical.00024.jams,False,False,False,True,True,False,True,False,True,False,True,True,True,False,False,False,False,True,True
classical.00025.jams,True,True,True,False,False,True,True,True,True,True,True,True,False,True,True,True,True,True,True
classical.00026.jams,False,False,False,True,True,True,True,True,True,True,True,True,True,True,False,False,True,True,True
classical.00027.jams,False,True,False,True,True,True,True,False,True,False,False,True,True,False,False,False,True,False,True
classical.00028.jams,False,False,True,False,False,True,True,True,False,False,False,True,False,False,True,False,True,False,False
classical.00029.jams,False,True,False,True,True,True,False,False,False,False,True,True,True,False,False,False,False,True,True
classical.00030.jams,True,True,True,True,True,True,True,False,False,True,True,False,False,False,True,False,True,False,True
classical.00031.jams,True,False,True,True,True,True,True,False,True,False,False,True,False,True,True,False,True,False,False
classical.00032.jams,False,False,False,False,False,False,False,False,False,False,False,True,False,False,False,False,False,False,False
classical.00033.jams,False,False,False,True,True,False,False,False,False,False,False,False,False,False,False,False,False,True,False
classical.00034.jams,False,False,False,False,False,False,False,False,False,False,False,False,False,False,False,False,False,False,False
classical.00035.jams,False,False,False,True,True,False,True,False,False,False,False,True,True,False,False,False,False,False,True
classical.00036.jams,False,False,False,False,False,False,False,False,False,False,False,False,False,False,False,False,False,False,False
classical.00037.jams,False,False,False,False,False,False,False,False,False,False,False,False,False,False,False,False,False,True,False
classical.00038.jams,False,True,False,True,True,True,True,True,False,False,True,True,True,False,False,False,True,True,False
classical.00039.jams,False,False,False,False,False,False,False,False,False,False,False,False,False,False,False,False,False,False,False
classical.00040.jams,False,True,False,True,True,True,True,False,True,False,False,False,False,False,False,False,False,False,False
classical.00041.jams,False,False,False,False,False,False,True,False,False,False,False,False,False,False,False,False,False,False,False
classical.00042.jams,False,False,False,True,True,False,False,False,False,True,True,True,True,False,False,False,False,False,False
classical.00043.jams,False,False,False,False,False,False,False,False,False,True,False,False,False,False,False,False,False,True,False
classical.00044.jams,False,False,False,False,False,False,False,False,False,False,False,True,True,False,False,False,False,True,False
classical.00045.jams,False,False,True,True,True,True,True,True,True,True,True,True,True,True,True,True,True,True,True
classical.00046.jams,False,False,False,True,True,False,True,False,False,False,True,True,False,False,False,False,False,True,False
classical.00047.jams,False,False,False,False,False,False,False,False,False,False,False,False,False,False,False,False,False,True,False
classical.00048.jams,False,True,False,False,False,True,True,True,False,True,True,True,True,False,True,True,False,False,False
classical.00049.jams,False,False,False,False,False,False,False,False,False,False,False,False,False,False,False,False,False,False,False
classical.00050.jams,False,True,False,True,True,True,False,False,False,False,False,False,False,False,False,False,True,False,False
classical.00051.jams,True,False,False,False,False,False,True,False,True,True,False,True,False,True,False,False,True,False,False
classical.00052.jams,True,True,True,False,False,True,False,False,True,False,True,True,False,True,True,True,True,True,False
classical.00053.jams,False,False,False,False,False,False,False,False,False,False,False,False,False,False,False,False,False,False,False
classical.00054.jams,False,False,False,True,False,False,False,False,False,False,False,False,False,False,False,False,False,False,False
classical.00055.jams,False,True,False,False,False,False,False,False,False,False,False,True,True,False,False,False,False,False,False
classical.00056.jams,False,False,False,False,False,False,False,False,False,False,False,True,False,False,False,False,False,False,False
classical.00057.jams,False,False,False,False,False,False,False,False,False,False,False,False,False,False,False,False,False,False,False
classical.00058.jams,False,False,False,True,False,True,False,True,False,True,False,False,False,False,False,False,True,False,True
classical.00059.jams,True,True,True,True,True,True,True,True,True,True,True,True,True,True,True,True,True,True,True
classical.00060.jams,True,True,True,True,True,True,True,True,True,True,True,True,True,True,True,True,True,True,True
classical.00061.jams,False,False,False,True,True,False,True,False,False,False,True,True,True,False,False,False,False,True,True
classical.00062.jams,False,False,False,False,False,False,True,True,True,False,True,True,True,False,True,False,False,False,True
classical.00063.jams,False,False,True,True,True,True,True,True,True,True,True,True,True,False,True,True,True,True,True
classical.00064.jams,False,False,False,True,True,False,False,False,False,False,False,True,False,False,False,False,False,False,False
classical.00065.jams,False,False,False,False,False,False,False,False,True,False,True,True,False,False,False,False,False,False,False
classical.00066.jams,False,True,False,False,False,False,False,True,False,True,False,False,False,False,False,True,False,False,False
classical.00067.jams,False,False,False,False,False,False,False,False,False,False,False,False,False,False,False,False,False,False,False
classical.00068.jams,False,True,True,True,True,True,True,True,True,True,True,True,True,False,True,True,True,True,True
classical.00069.jams,False,True,False,True,True,True,True,True,True,False,False,True,True,False,False,False,True,False,True
classical.00070.jams,False,False,False,False,False,False,False,False,False,True,True,True,False,False,False,False,False,False,False
classical.00071.jams,False,False,False,True,True,False,False,False,False,False,False,True,True,False,False,False,False,False,True
classical.00072.jams,False,False,True,True,True,True,False,True,True,True,False,True,True,True,True,False,True,False,False
classical.00073.jams,True,True,True,True,True,True,False,True,True,True,False,True,True,True,True,True,True,False,False
classical.00074.jams,False,False,True,True,True,True,True,True,True,True,True,True,True,False,False,False,False,True,True
classical.00075.jams,False,True,False,True,True,True,True,False,False,False,True,False,False,False,False,False,True,True,False
classical.00076.jams,False,False,True,True,True,True,True,True,True,True,True,True,True,False,True,True,True,True,True
classical.00077.jams,False,True,False,True,False,True,False,False,False,False,False,False,False,False,False,False,False,False,False
classical.00078.jams,False,True,False,True,True,True,False,True,True,True,True,True,True,True,True,False,True,False,True
classical.00079.jams,False,False,True,True,True,True,True,True,True,True,True,True,True,False,True,False,False,False,True
classical.00080.jams,False,False,False,False,False,False,False,False,False,False,False,False,False,False,False,False,False,False,False
classical.00081.jams,False,True,False,True,True,False,True,False,True,False,False,True,True,False,False,False,True,False,True
classical.00082.jams,False,False,False,False,True,False,False,False,False,False,True,True,False,False,False,False,False,False,False
classical.00083.jams,False,False,False,False,False,False,False,False,False,False,False,False,False,False,False,False,True,False,False
classical.00084.jams,False,False,False,False,False,False,False,False,False,False,False,False,False,False,False,False,False,False,False
classical.00085.jams,True,True,True,True,True,True,True,True,True,True,True,True,True,True,True,True,True,True,True
classical.00086.jams,False,True,True,True,True,True,True,True,True,True,True,True,True,False,True,True,True,True,True
classical.00087.jams,False,False,False,True,True,True,False,False,False,False,False,False,False,False,False,False,False,False,False
classical.00088.jams,True,True,True,True,True,True,True,True,True,True,True,True,True,True,True,True,True,True,True
classical.00089.jams,False,True,True,True,True,True,True,True,False,True,True,False,False,True,True,True,True,True,True
classical.00090.jams,False,False,False,True,True,True,True,False,False,True,False,True,True,False,True,False,True,False,True
classical.00091.jams,True,False,False,False,False,True,True,False,False,True,True,True,True,False,False,True,True,False,True
classical.00092.jams,False,True,False,True,True,True,False,False,True,True,True,True,True,False,False,False,True,False,True
classical.00093.jams,False,False,False,True,True,False,False,False,False,False,False,True,True,False,False,False,False,True,True
classical.00094.jams,False,False,False,False,False,False,False,False,False,False,False,False,False,False,True,False,False,False,False
classical.00095.jams,False,False,True,False,False,True,False,True,False,True,False,False,False,False,False,False,True,False,False
classical.00096.jams,False,False,False,True,True,False,False,False,False,False,False,True,True,False,False,False,False,False,False
classical.00097.jams,True,True,True,True,True,True,True,True,True,True,True,True,True,True,True,True,False,True,True
classical.00098.jams,False,True,True,True,True,True,True,True,True,True,True,True,True,True,True,True,True,False,True
classical.00099.jams,False,False,False,False,False,False,False,False,False,False,False,True,False,False,False,False,False,False,False
country.00000.jams,True,True,True,True,True,True,True,True,True,True,True,True,True,True,True,True,True,False,True
country.00001.jams,True,True,True,True,True,True,True,True,True,True,True,True,True,True,True,True,True,True,True
country.00002.jams,False,True,True,True,True,False,True,False,True,True,True,True,True,True,False,True,False,True,True
country.00003.jams,False,True,True,True,True,True,True,True,True,True,True,True,True,False,False,False,True,True,True
country.00004.jams,True,True,True,True,True,True,True,True,True,True,True,True,True,True,True,True,True,False,True
country.00005.jams,True,True,True,True,True,True,True,True,True,True,True,True,True,False,True,True,True,True,True
country.00006.jams,True,True,True,False,True,True,True,True,True,True,True,True,True,True,True,True,True,True,True
country.00007.jams,False,False,False,False,False,False,False,False,False,False,False,True,False,False,False,False,False,False,False
country.00008.jams,False,True,False,True,True,True,False,False,True,False,True,True,True,True,False,False,True,True,True
country.00009.jams,True,True,True,True,True,True,True,True,True,True,True,True,True,True,True,True,True,True,True
country.00010.jams,True,True,True,True,True,True,True,True,True,True,True,True,True,True,False,False,True,False,True
country.00011.jams,True,True,True,False,False,True,True,True,True,True,False,True,True,True,True,True,True,True,False
country.00012.jams,True,True,True,True,True,True,True,False,True,True,True,True,True,False,True,True,True,True,True
country.00013.jams,True,True,True,True,True,True,True,True,True,True,True,True,True,True,True,True,True,True,True
country.00014.jams,True,True,True,False,False,True,True,True,True,True,False,True,True,True,True,True,True,True,True
country.00015.jams,True,True,True,False,True,True,True,True,True,True,True,True,False,False,True,True,True,False,False
country.00016.jams,True,True,True,True,True,True,True,True,True,True,True,True,True,True,True,True,True,True,True
country.00017.jams,False,False,True,True,True,False,False,False,False,True,True,True,False,False,True,True,True,True,True
country.00018.jams,True,True,True,True,True,False,False,True,True,True,True,True,True,True,True,True,True,True,True
country.00019.jams,False,True,True,True,True,True,False,True,True,True,True,True,True,False,True,True,True,False,True
country.00020.jams,True,True,True,True,True,True,True,True,True,True,True,True,True,True,True,True,True,True,True
country.00021.jams,True,True,True,True,True,True,True,True,True,True,False,True,True,True,True,True,True,True,True
country.00022.jams,False,True,False,True,True,False,True,False,True,True,True,True,True,True,False,False,False,False,False
country.00023.jams,True,True,True,True,True,True,False,True,True,True,True,True,True,True,True,True,True,True,True
country.00024.jams,False,False,False,True,True,False,False,False,False,False,True,False,False,True,False,False,False,True,True
country.00025.jams,True,True,True,True,True,True,True,True,True,True,True,True,False,True,False,False,True,True,True
country.00026.jams,True,True,True,True,True,True,True,True,True,True,True,True,True,True,True,True,True,True,True
country.00027.jams,True,True,True,True,True,True,True,True,True,True,True,True,True,True,True,True,True,True,True
country.00028.jams,True,True,True,True,True,True,True,True,True,True,True,True,True,True,True,True,True,True,True
country.00029.jams,True,True,True,True,True,True,True,True,True,True,True,True,True,True,True,True,True,True,True
country.00030.jams,False,True,True,True,True,True,False,True,True,True,True,True,True,True,True,False,True,True,True
country.00031.jams,False,False,False,True,True,False,False,False,False,False,True,False,False,False,False,False,False,False,False
country.00032.jams,False,False,False,False,False,False,False,False,False,False,False,True,False,False,False,False,False,False,False
country.00033.jams,True,True,True,True,True,True,True,True,True,True,True,True,True,True,True,True,True,True,True
country.00034.jams,True,True,True,True,True,True,True,True,True,True,True,True,True,True,True,True,True,True,True
country.00035.jams,True,True,True,True,True,False,True,True,False,True,True,True,True,True,True,True,True,True,True
country.00036.jams,True,True,True,False,False,True,True,True,True,True,True,True,True,False,True,True,True,True,True
country.00037.jams,True,True,True,True,True,True,True,True,True,True,True,True,True,True,True,True,True,True,True
country.00038.jams,False,False,True,True,True,False,False,False,False,True,True,True,True,True,False,False,False,False,True
country.00039.jams,True,False,True,True,True,False,False,True,False,True,False,True,True,True,True,True,False,False,True
country.00040.jams,True,True,True,True,True,True,True,True,True,False,False,True,True,True,True,True,True,True,True
country.00041.jams,False,False,False,True,True,False,False,False,False,False,False,False,False,False,False,False,False,False,False
country.00042.jams,True,False,True,True,True,False,True,True,True,True,True,True,True,False,True,True,True,True,True
country.00043.jams,False,False,False,False,False,False,False,False,False,True,True,False,False,True,False,False,False,True,False
country.00044.jams,False,False,False,False,False,False,False,False,False,False,False,True,False,False,False,False,False,False,False
country.00045.jams,False,True,True,True,True,True,True,True,False,True,True,True,True,True,True,False,True,True,True
country.00046.jams,False,False,True,True,False,False,True,False,False,True,True,True,True,False,True,False,False,True,True
country.00047.jams,False,True,False,True,True,True,False,False,True,True,True,True,False,True,True,False,True,True,True
country.00048.jams,False,False,False,False,False,False,False,False,False,False,False,False,False,False,False,False,False,False,False
country.00049.jams,False,False,False,True,False,False,False,False,False,False,False,False,False,False,False,False,False,False,False
country.00050.jams,True,True,True,True,True,True,True,True,True,True,True,True,True,True,True,True,True,True,True
country.00051.jams,False,True,False,True,True,True,True,True,True,False,True,True,True,False,True,False,True,True,True
country.00052.jams,True,True,True,True,True,True,True,True,True,True,True,True,True,False,True,False,True,False,True
country.00053.jams,False,False,True,True,True,False,False,True,False,True,True,True,True,True,True,True,True,True,True
country.00054.jams,True,True,True,True,True,True,True,True,True,True,True,True,True,True,True,False,True,True,True
country.00055.jams,False,False,False,True,False,False,False,False,False,False,True,False,False,True,False,False,False,False,False
country.00056.jams,True,True,True,False,False,True,True,True,True,True,True,True,True,True,True,False,True,False,True
country.00057.jams,False,True,False,True,True,True,True,True,True,False,True,True,True,True,True,False,True,True,True
country.00058.jams,True,True,True,False,True,True,True,True,True,True,True,True,True,True,True,True,True,True,True
country.00059.jams,False,True,False,True,True,True,True,True,True,False,True,True,True,False,True,False,True,False,True
country.00060.jams,True,True,True,True,True,True,True,True,True,True,True,False,False,True,True,False,True,False,False
country.00061.jams,False,True,False,True,True,True,True,False,True,False,True,True,True,False,False,False,True,True,True
country.00062.jams,False,True,True,True,True,False,False,False,False,True,True,True,True,False,True,True,True,False,True
country.00063.jams,True,True,True,True,True,True,True,True,True,True,True,True,True,True,True,True,True,False,True
country.00064.jams,False,True,False,True,True,True,True,True,True,True,True,True,True,False,True,False,True,False,True
country.00065.jams,False,False,False,True,True,True,True,False,True,False,True,True,False,False,False,False,False,True,True
country.00066.jams,True,True,True,True,True,False,False,True,True,True,True,True,True,False,True,True,True,True,True
country.00067.jams,False,True,False,True,True,True,True,True,True,True,True,True,False,False,False,False,True,True,True
country.00068.jams,True,True,True,True,True,True,True,True,True,True,True,True,True,True,True,True,True,True,True
country.00069.jams,False,False,False,False,False,False,True,False,False,False,False,False,False,False,False,False,False,False,False
country.00070.jams,True,True,True,True,True,True,True,True,True,True,True,True,True,True,True,True,True,True,True
country.00071.jams,False,True,False,True,True,True,True,True,True,False,True,True,True,False,True,False,True,True,True
country.00072.jams,False,False,False,True,True,False,False,False,False,True,True,True,True,True,False,False,False,False,True
country.00073.jams,False,True,True,True,True,False,True,False,True,True,True,True,True,True,False,False,True,False,True
country.00074.jams,False,True,False,True,True,True,True,True,True,True,True,True,True,False,True,False,True,True,True
country.00075.jams,True,True,True,True,True,True,False,True,True,True,True,True,True,True,True,True,True,True,True
country.00076.jams,False,True,False,True,True,False,True,False,True,True,True,True,True,False,False,False,True,False,True
country.00077.jams,True,True,True,True,True,False,True,True,False,True,True,True,True,True,True,True,True,True,True
country.00078.jams,False,False,False,True,True,True,False,False,True,True,True,True,False,False,True,False,True,True,True
country.00079.jams,False,False,False,False,False,False,True,False,False,False,False,True,False,False,False,False,False,False,False
country.00080.jams,True,True,True,True,True,True,False,True,True,True,True,True,True,True,True,True,True,True,True
country.00081.jams,True,False,True,True,True,False,True,True,True,True,True,True,True,True,True,True,True,False,True
country.00082.jams,True,True,True,True,True,True,True,True,True,True,True,True,True,False,True,True,True,True,True
country.00083.jams,True,True,True,True,True,True,True,True,True,True,True,True,True,True,True,False,True,True,True
country.00084.jams,True,True,True,True,True,False,False,True,True,True,True,True,True,True,True,True,True,True,True
country.00085.jams,False,False,True,True,True,True,True,True,True,True,True,True,True,True,False,False,True,True,True
country.00086.jams,True,True,True,True,True,True,True,True,True,True,True,True,True,True,True,True,True,True,True
country.00087.jams,False,True,True,True,True,True,True,True,True,True,True,True,True,True,True,False,True,True,True
country.00088.jams,True,True,True,True,True,True,True,True,True,True,True,True,True,True,True,True,True,True,True
country.00089.jams,False,True,False,True,True,True,True,True,True,True,True,True,True,False,True,False,True,False,True
country.00090.jams,False,False,False,True,True,False,False,False,False,False,True,False,False,False,False,False,False,False,False
country.00091.jams,True,True,True,False,False,True,True,True,False,True,True,True,True,False,True,True,True,True,False
country.00092.jams,False,False,True,False,True,False,False,False,False,True,False,True,False,True,False,False,False,False,True
country.00093.jams,True,True,True,True,True,True,True,True,True,True,True,True,True,True,True,True,True,True,True
country.00094.jams,True,True,True,False,True,True,True,True,True,True,True,True,True,True,True,True,True,True,True
country.00095.jams,True,True,True,True,True,True,True,True,True,True,True,True,True,True,True,True,True,False,True
country.00096.jams,False,False,False,True,True,False,False,False,False,False,False,False,False,False,False,False,False,False,False
country.00097.jams,False,False,False,False,False,False,False,False,False,False,False,True,False,False,False,False,False,False,False
country.00098.jams,False,False,False,True,True,True,False,False,False,False,False,False,False,False,False,False,False,False,False
country.00099.jams,False,False,True,True,True,False,False,False,False,True,False,True,False,False,False,False,False,False,False
disco.00000.jams,True,True,True,True,True,True,True,True,True,True,True,True,True,True,True,True,True,True,True
disco.00001.jams,True,True,True,True,True,True,True,True,True,True,True,True,True,True,True,True,True,True,True
disco.00002.jams,True,True,True,True,True,True,True,True,True,True,True,True,True,True,True,True,True,True,True
disco.00003.jams,True,True,True,True,True,True,True,True,True,True,True,True,True,False,True,True,True,True,True
disco.00004.jams,False,True,True,True,True,True,True,True,True,True,True,True,True,True,True,True,True,True,True
disco.00005.jams,True,True,True,True,True,True,True,True,True,True,True,True,True,True,True,True,True,True,True
disco.00006.jams,True,True,True,True,True,True,True,True,True,True,True,True,True,True,True,True,True,True,True
disco.00007.jams,True,True,True,True,True,True,True,True,True,True,True,True,True,False,True,True,True,True,True
disco.00008.jams,True,True,True,True,True,True,True,True,True,True,True,True,True,True,True,True,True,True,True
disco.00009.jams,True,True,True,True,True,True,True,True,True,True,True,True,True,False,True,True,True,True,True
disco.00010.jams,True,True,True,True,True,True,True,True,True,True,True,True,True,True,True,True,True,True,True
disco.00011.jams,True,True,True,True,True,True,False,True,True,True,True,True,True,True,True,True,True,True,True
disco.00012.jams,True,True,True,True,True,True,True,True,True,True,True,True,True,True,True,True,True,True,True
disco.00013.jams,False,True,True,True,True,True,False,True,True,True,True,True,True,True,True,True,True,False,True
disco.00014.jams,True,True,True,True,True,True,True,True,True,True,True,True,True,True,True,True,True,True,True
disco.00015.jams,True,True,True,True,True,True,True,True,True,True,True,True,True,True,True,True,True,True,True
disco.00016.jams,True,True,True,True,True,True,True,True,True,True,True,True,True,True,True,True,True,True,True
disco.00017.jams,True,True,True,True,True,True,True,True,True,True,True,True,True,True,True,True,True,True,True
disco.00018.jams,True,True,True,True,True,True,True,True,True,True,True,True,True,True,True,True,True,True,True
disco.00019.jams,True,True,True,True,True,True,True,True,True,True,True,True,True,True,True,True,True,True,True
disco.00020.jams,False,True,True,True,True,True,True,False,False,True,True,True,True,False,True,False,True,True,True
disco.00021.jams,True,True,True,True,True,True,True,True,True,True,True,True,True,True,True,True,True,True,True
disco.00022.jams,True,True,True,True,True,True,True,True,True,True,True,True,True,True,True,True,True,True,True
disco.00023.jams,True,True,True,True,True,True,True,True,True,True,True,True,True,True,True,True,True,True,True
disco.00024.jams,True,True,True,True,True,True,True,True,True,True,True,True,True,False,True,True,True,True,True
disco.00025.jams,True,True,True,True,True,True,True,True,True,True,True,True,True,True,True,True,True,True,True
disco.00026.jams,True,True,True,True,True,True,True,True,True,True,True,True,True,False,True,True,True,True,True
disco.00027.jams,True,True,True,True,True,True,True,True,True,True,True,True,True,False,True,True,True,True,True
disco.00028.jams,True,True,True,True,True,True,True,True,True,True,True,True,True,True,True,True,True,True,True
disco.00029.jams,True,True,True,True,True,True,True,True,True,True,True,True,True,True,True,True,True,True,True
disco.00030.jams,True,True,True,True,True,True,True,True,True,True,True,True,True,True,True,True,True,True,True
disco.00031.jams,True,True,True,True,True,True,True,True,True,True,True,True,True,True,True,True,True,True,True
disco.00032.jams,True,True,True,True,True,True,True,True,True,True,True,True,True,True,True,True,True,True,True
disco.00033.jams,True,True,True,True,True,True,True,True,True,True,True,True,True,True,True,True,True,True,True
disco.00034.jams,True,True,True,True,True,True,True,True,True,True,True,True,True,True,False,True,True,True,True
disco.00035.jams,True,True,True,True,True,True,True,True,True,True,True,True,True,True,True,True,True,True,True
disco.00036.jams,True,True,True,True,True,True,True,True,True,True,True,True,True,True,True,True,True,True,True
disco.00037.jams,True,True,True,True,True,True,True,True,True,True,True,True,True,False,True,True,True,True,True
disco.00038.jams,True,True,True,True,True,True,True,True,True,True,True,True,True,True,True,True,True,True,True
disco.00039.jams,True,True,True,True,True,True,True,True,True,True,True,True,True,True,True,True,True,True,True
disco.00040.jams,True,True,True,True,True,True,True,True,True,True,True,True,True,True,True,True,True,True,True
disco.00041.jams,False,False,False,False,False,True,False,False,False,False,True,True,False,False,False,False,False,False,False
disco.00042.jams,True,True,True,True,True,True,True,True,True,True,True,True,True,True,True,True,True,True,True
disco.00043.jams,False,False,False,False,False,False,False,False,False,False,False,False,False,True,False,False,False,False,False
disco.00044.jams,True,True,True,True,True,True,True,True,True,True,True,True,True,True,True,True,True,True,True
disco.00045.jams,True,True,True,True,True,True,True,True,True,True,True,True,True,False,True,True,True,True,True
disco.00046.jams,True,True,True,True,True,True,True,True,True,True,True,True,True,True,True,True,True,True,True
disco.00047.jams,False,False,False,False,False,True,False,False,False,False,False,True,True,False,False,False,True,False,True
disco.00048.jams,True,True,True,True,True,True,True,True,True,True,True,True,True,True,True,True,True,True,True
disco.00049.jams,True,True,True,True,True,True,True,True,True,True,True,True,True,True,True,True,True,True,True
disco.00050.jams,True,True,True,True,True,True,True,True,True,True,True,True,True,True,True,True,True,True,True
disco.00051.jams,True,True,True,True,True,True,True,True,True,True,True,True,True,True,True,True,True,True,True
disco.00052.jams,True,True,True,True,True,True,True,True,True,True,True,True,True,True,True,True,True,True,True
disco.00053.jams,False,False,False,False,False,False,False,False,False,False,True,True,False,False,False,False,False,False,False
disco.00054.jams,True,True,True,True,True,True,True,True,True,True,True,True,True,True,True,True,True,True,True
disco.00055.jams,True,True,True,True,True,True,True,True,True,True,True,True,True,True,True,True,True,True,True
disco.00056.jams,True,True,True,True,True,True,True,True,True,True,True,True,True,True,True,True,True,True,True
disco.00057.jams,True,True,True,True,True,True,True,True,True,True,True,True,True,False,True,True,True,True,True
disco.00058.jams,True,True,True,True,True,True,True,True,True,True,True,True,True,False,True,True,True,True,True
disco.00059.jams,True,True,True,True,True,True,True,True,True,True,True,True,True,False,True,True,True,True,True
disco.00060.jams,True,True,True,True,True,True,True,True,True,True,True,True,True,True,True,True,True,True,True
disco.00061.jams,True,True,True,True,True,True,True,True,True,True,True,True,True,True,True,True,True,True,True
disco.00062.jams,True,True,True,True,True,True,True,True,True,True,True,True,True,True,True,True,True,True,True
disco.00063.jams,True,True,True,True,True,True,True,True,True,True,True,True,True,False,True,True,True,True,True
disco.00064.jams,True,True,True,True,True,True,True,True,True,True,True,True,True,True,True,True,True,True,True
disco.00065.jams,True,True,True,True,True,True,True,True,True,True,True,True,True,True,True,True,True,True,True
disco.00066.jams,True,True,True,True,True,True,True,True,True,True,True,True,True,True,True,True,True,True,True
disco.00067.jams,True,True,True,True,True,True,True,True,True,True,True,True,True,True,True,True,True,True,True
disco.00068.jams,True,True,True,True,True,True,True,True,True,True,True,True,True,True,True,True,True,True,True
disco.00069.jams,True,True,True,True,True,True,True,True,True,True,True,True,True,True,True,True,True,True,True
disco.00070.jams,True,True,True,True,True,True,True,True,True,True,True,True,True,True,True,True,True,True,True
disco.00071.jams,True,True,True,True,True,True,True,True,True,True,True,True,True,True,True,True,True,True,True
disco.00072.jams,False,False,False,False,False,False,False,False,False,False,False,False,False,False,False,False,False,False,False
disco.00073.jams,True,True,True,True,True,True,True,True,True,True,True,True,True,True,True,True,True,True,True
disco.00074.jams,True,True,True,True,True,True,True,True,True,True,True,True,True,True,True,True,True,True,True
disco.00075.jams,False,False,False,False,False,False,False,False,False,False,False,True,False,False,False,False,False,False,False
disco.00076.jams,True,True,True,True,True,True,True,True,True,True,True,True,True,True,True,True,True,True,True
disco.00077.jams,True,True,True,True,True,True,True,True,True,True,True,True,True,True,True,True,True,True,True
disco.00078.jams,True,True,True,True,True,True,True,True,True,True,True,True,True,True,True,True,True,True,True
disco.00079.jams,True,True,True,True,True,True,True,True,True,True,True,True,True,True,True,True,True,True,True
disco.00080.jams,True,True,True,True,True,True,True,True,True,True,True,True,True,False,True,True,True,True,True
disco.00081.jams,True,True,True,True,True,True,True,True,True,True,True,True,True,False,True,True,True,True,True
disco.00082.jams,True,True,True,True,True,True,True,True,True,True,True,True,True,True,True,True,True,True,True
disco.00083.jams,True,True,True,True,True,True,True,True,True,True,True,True,True,True,True,True,True,True,True
disco.00084.jams,True,True,True,True,True,True,True,True,True,True,True,True,True,True,True,True,True,True,True
disco.00085.jams,True,True,True,True,True,True,True,True,True,True,True,True,True,True,False,True,True,True,True
disco.00086.jams,False,False,False,False,False,False,False,False,False,False,False,False,False,True,False,False,False,False,False
disco.00087.jams,True,True,True,True,True,True,True,True,True,True,True,True,True,True,True,True,True,True,True
disco.00088.jams,True,True,True,True,True,True,True,True,True,True,True,True,True,True,True,True,True,True,True
disco.00089.jams,True,True,True,True,True,True,True,True,True,True,True,True,True,False,True,True,True,True,True
disco.00090.jams,True,True,True,True,True,True,True,True,True,True,True,True,True,True,True,True,True,True,True
disco.00091.jams,True,True,True,True,True,True,True,True,True,True,True,True,True,False,True,True,True,True,True
disco.00092.jams,True,True,True,True,True,True,True,True,True,True,True,True,True,True,True,True,True,True,True
disco.00093.jams,True,True,True,True,True,True,True,True,True,True,True,True,True,True,True,True,True,True,True
disco.00094.jams,False,False,False,False,False,False,False,False,False,True,False,False,False,False,True,False,False,False,False
disco.00095.jams,True,True,True,True,True,True,True,True,True,True,True,True,True,True,True,True,True,True,True
disco.00096.jams,True,True,True,True,True,True,True,True,True,True,True,True,True,True,True,True,True,True,True
disco.00097.jams,True,True,True,True,True,True,True,True,True,True,True,True,True,False,True,True,True,True,True
disco.00098.jams,True,True,True,True,True,True,True,True,True,True,True,True,True,True,True,True,True,True,True
disco.00099.jams,True,True,True,True,True,True,True,True,True,True,True,True,True,True,True,True,True,True,True
hiphop.00000.jams,True,True,True,True,True,True,True,True,True,True,True,True,True,True,True,True,True,True,True
hiphop.00001.jams,True,True,True,True,True,True,True,True,True,True,True,True,True,True,True,True,True,True,True
hiphop.00002.jams,True,True,True,True,True,True,True,True,True,True,True,True,True,True,True,True,True,True,True
hiphop.00003.jams,True,True,True,True,True,True,True,True,True,True,True,True,True,True,True,True,True,True,True
hiphop.00004.jams,True,True,True,True,True,True,True,False,True,True,True,True,True,False,True,True,True,True,True
hiphop.00005.jams,True,True,True,True,True,True,True,True,True,False,True,True,True,False,False,True,True,True,True
hiphop.00006.jams,True,True,True,True,True,True,True,True,True,True,True,True,True,False,True,True,True,True,True
hiphop.00007.jams,True,True,True,True,True,True,True,True,True,True,True,True,True,True,True,True,True,True,True
hiphop.00008.jams,False,True,True,True,True,True,True,True,True,True,True,True,True,False,True,True,True,True,True
hiphop.00009.jams,True,True,True,True,True,True,True,True,True,True,True,True,True,True,True,True,True,True,True
hiphop.00010.jams,True,False,False,False,False,True,True,True,True,False,False,False,False,True,True,True,False,False,False
hiphop.00011.jams,True,False,True,True,True,False,True,True,True,True,False,True,True,True,True,True,True,True,True
hiphop.00012.jams,True,True,True,True,True,True,True,True,True,True,True,True,True,True,True,True,True,True,True
hiphop.00013.jams,True,True,True,True,True,True,True,True,True,True,True,True,True,True,True,True,True,True,True
hiphop.00014.jams,True,True,True,True,True,True,True,True,True,True,False,True,True,True,True,True,True,True,True
hiphop.00015.jams,True,True,True,True,True,True,True,True,True,True,False,True,True,True,True,True,False,True,True
hiphop.00016.jams,True,True,True,True,True,True,True,True,True,True,True,True,True,True,True,True,True,True,True
hiphop.00017.jams,True,True,True,True,True,True,True,True,True,True,True,True,True,True,True,True,True,True,True
hiphop.00018.jams,True,True,True,True,True,False,True,True,True,True,False,True,True,True,False,False,False,True,True
hiphop.00019.jams,True,True,True,True,True,True,True,True,True,True,False,True,True,True,True,True,True,True,True
hiphop.00020.jams,True,True,True,True,True,True,True,True,True,True,True,True,True,True,True,True,True,True,True
hiphop.00021.jams,True,True,True,True,True,True,True,True,True,True,True,True,True,True,True,True,True,True,True
hiphop.00022.jams,True,True,True,True,True,True,True,True,True,True,True,True,True,True,True,True,True,True,True
hiphop.00023.jams,False,True,True,True,True,True,True,True,True,True,True,True,True,True,True,True,True,True,True
hiphop.00024.jams,True,True,True,True,True,True,True,True,True,True,True,True,True,True,True,True,True,True,True
hiphop.00025.jams,True,True,True,True,True,True,True,True,True,True,True,True,True,False,True,True,True,True,True
hiphop.00026.jams,True,True,True,True,True,True,True,True,True,True,True,True,True,False,True,True,True,True,True
hiphop.00027.jams,True,True,True,True,True,True,True,True,True,True,True,True,True,True,True,True,True,True,True
hiphop.00028.jams,False,True,True,True,True,True,True,True,True,True,True,True,True,False,True,True,True,True,True
hiphop.00029.jams,True,True,True,True,True,True,True,True,True,True,True,True,True,True,True,True,True,True,True
hiphop.00030.jams,False,False,True,True,False,False,False,False,True,True,False,True,True,True,True,True,False,False,True
hiphop.00031.jams,True,True,True,True,True,True,True,True,True,True,True,True,True,True,True,True,True,True,True
hiphop.00032.jams,True,True,True,True,True,True,True,True,True,True,True,True,True,False,True,True,True,True,True
hiphop.00033.jams,True,True,True,True,True,True,True,True,True,True,True,True,True,True,True,True,True,True,True
hiphop.00034.jams,True,True,True,True,True,False,False,False,False,True,True,True,True,False,True,True,True,True,True
hiphop.00035.jams,True,True,True,True,True,True,True,True,True,True,False,True,True,False,True,True,True,False,True
hiphop.00036.jams,True,True,True,True,True,True,True,True,True,True,True,True,True,True,True,True,True,True,True
hiphop.00037.jams,False,True,False,True,True,True,True,False,False,True,False,True,True,False,False,False,False,True,False
hiphop.00038.jams,True,True,True,True,True,True,True,True,True,True,True,True,True,True,True,True,True,True,True
hiphop.00039.jams,True,True,True,True,True,True,True,True,True,True,True,True,True,False,True,True,True,True,True
hiphop.00040.jams,True,True,False,True,True,True,True,True,True,True,True,True,True,False,True,True,True,True,True
hiphop.00041.jams,True,True,True,True,True,True,True,True,True,True,True,True,True,True,True,True,True,True,True
hiphop.00042.jams,True,True,True,True,True,True,True,True,True,True,True,True,True,True,True,True,True,True,True
hiphop.00043.jams,True,True,True,True,True,True,True,True,True,True,True,True,True,True,True,True,True,True,True
hiphop.00044.jams,False,False,False,True,False,False,False,False,False,False,False,False,False,False,False,False,False,False,False
hiphop.00045.jams,True,True,True,True,True,True,True,True,True,True,True,True,True,False,True,True,True,True,True
hiphop.00046.jams,True,True,True,True,True,True,True,True,True,True,True,True,True,True,True,True,True,True,True
hiphop.00047.jams,True,True,True,True,True,True,True,True,True,True,True,True,True,True,True,True,True,True,True
hiphop.00048.jams,True,True,True,True,True,True,True,True,True,True,True,True,True,True,True,True,True,True,True
hiphop.00049.jams,True,False,True,True,True,True,True,True,True,True,True,True,True,True,True,True,True,True,True
hiphop.00050.jams,True,True,True,True,True,True,True,True,True,True,True,True,True,True,True,True,True,True,True
hiphop.00051.jams,True,True,True,True,True,True,True,True,True,True,True,True,True,True,True,True,True,True,True
hiphop.00052.jams,True,True,True,True,True,True,True,True,True,True,True,True,True,True,True,True,True,True,True
hiphop.00053.jams,True,True,True,True,True,False,True,True,False,True,True,True,True,True,True,True,True,True,True
hiphop.00054.jams,True,True,True,True,True,True,True,True,True,True,True,True,True,True,True,True,True,True,True
hiphop.00055.jams,True,True,True,True,True,True,False,True,True,True,False,True,True,True,True,True,True,True,True
hiphop.00056.jams,True,True,True,True,True,True,True,True,True,True,True,True,True,True,True,True,True,True,True
hiphop.00057.jams,True,True,True,True,True,True,True,True,True,True,True,True,True,True,True,True,True,False,True
hiphop.00058.jams,True,True,True,True,True,True,True,True,True,True,True,True,True,True,True,True,True,True,True
hiphop.00059.jams,True,True,True,True,True,True,True,True,True,True,True,True,True,True,True,True,True,True,True
hiphop.00060.jams,True,True,True,True,True,True,True,True,True,True,True,True,True,True,True,True,True,True,True
hiphop.00061.jams,True,True,True,True,True,True,True,True,True,True,True,True,True,True,True,True,True,True,True
hiphop.00062.jams,True,True,True,True,True,True,True,True,True,True,True,True,True,True,True,True,True,True,True
hiphop.00063.jams,True,True,True,True,True,True,True,True,True,True,False,True,True,True,True,True,True,True,True
hiphop.00064.jams,True,True,True,True,True,True,True,True,True,True,True,True,True,True,True,True,True,True,True
hiphop.00065.jams,True,True,True,True,True,True,True,True,True,True,True,True,True,True,True,True,True,True,True
hiphop.00066.jams,True,True,True,True,True,True,True,True,True,True,True,True,True,True,True,True,True,True,True
hiphop.00067.jams,True,True,True,True,True,True,True,True,True,True,True,True,True,False,True,True,True,True,True
hiphop.00068.jams,True,True,True,True,True,True,True,True,True,True,True,True,True,True,True,True,True,True,True
hiphop.00069.jams,True,True,True,True,True,False,True,True,True,True,True,True,True,True,True,True,True,False,True
hiphop.00070.jams,True,True,True,True,True,True,True,True,True,True,True,True,True,True,True,True,True,True,True
hiphop.00071.jams,True,True,True,True,True,True,True,True,True,True,True,True,True,True,True,True,True,True,True
hiphop.00072.jams,True,True,True,True,True,True,True,True,True,True,True,True,True,True,True,True,True,True,True
hiphop.00073.jams,True,True,True,True,True,True,True,True,True,True,True,True,True,False,True,True,True,True,True
hiphop.00074.jams,True,True,True,True,True,True,True,True,True,True,True,True,True,True,True,True,True,True,True
hiphop.00075.jams,True,True,True,True,True,True,True,True,True,True,True,True,True,True,True,True,True,True,True
hiphop.00076.jams,True,True,True,True,True,True,True,True,True,True,True,True,True,True,True,True,True,True,True
hiphop.00077.jams,True,True,True,True,True,True,True,True,True,True,False,True,True,True,True,True,True,True,True
hiphop.00078.jams,True,True,True,True,True,True,True,True,True,True,True,True,True,True,True,True,True,True,True
hiphop.00079.jams,True,True,True,True,True,True,True,True,True,True,True,True,True,True,True,True,True,True,True
hiphop.00080.jams,True,False,True,True,True,False,True,False,False,True,False,True,True,False,True,True,False,True,True
hiphop.00081.jams,True,True,True,False,False,True,True,True,True,True,True,True,True,True,True,True,True,True,True
hiphop.00082.jams,True,True,True,True,True,True,True,True,True,True,True,True,True,True,True,True,True,True,True
hiphop.00083.jams,True,True,True,True,True,True,True,True,True,True,True,True,True,True,True,True,True,True,True
hiphop.00084.jams,True,True,True,False,False,True,True,True,True,True,False,True,True,True,False,True,False,True,True
hiphop.00085.jams,True,True,True,True,True,False,True,True,True,True,True,True,True,False,True,True,True,True,True
hiphop.00086.jams,True,True,True,True,True,True,True,True,True,True,True,True,True,True,True,True,True,True,True
hiphop.00087.jams,True,True,True,True,True,True,True,True,True,True,False,True,True,True,True,True,True,True,True
hiphop.00088.jams,True,True,True,True,True,True,True,True,True,True,True,True,True,False,True,True,True,True,True
hiphop.00089.jams,True,True,True,True,True,True,True,True,True,True,True,True,True,True,True,True,True,True,True
hiphop.00090.jams,True,True,True,True,True,True,True,True,True,True,True,True,True,False,True,True,True,True,True
hiphop.00091.jams,True,True,True,True,True,True,True,True,True,True,True,True,True,True,True,True,True,True,True
hiphop.00092.jams,True,True,True,True,True,True,True,True,True,True,True,True,True,True,True,True,True,True,True
hiphop.00093.jams,True,True,True,True,True,True,True,True,True,True,True,True,True,True,True,True,True,True,True
hiphop.00094.jams,False,False,True,False,False,False,False,False,False,True,False,True,True,False,False,False,False,False,False
hiphop.00095.jams,True,True,True,True,True,True,True,True,True,True,True,True,True,True,True,True,True,True,True
hiphop.00096.jams,True,True,True,True,True,False,True,True,True,True,False,True,True,True,True,True,True,True,True
hiphop.00097.jams,True,True,True,True,True,True,True,True,True,True,True,True,True,True,True,True,True,True,True
hiphop.00098.jams,True,True,True,True,True,False,True,True,True,True,True,True,True,False,True,True,True,True,True
hiphop.00099.jams,True,True,True,True,True,True,True,True,True,True,True,True,True,True,True,True,True,True,True
jazz.00000.jams,True,False,True,True,True,True,True,True,True,True,True,True,True,True,True,False,True,False,True
jazz.00001.jams,False,False,False,False,False,False,False,False,False,False,False,False,False,False,False,False,False,False,False
jazz.00002.jams,False,True,True,True,False,False,False,True,True,True,False,True,True,False,True,True,True,False,True
jazz.00003.jams,False,False,False,True,True,False,False,True,False,False,False,True,True,False,False,False,False,False,False
jazz.00004.jams,False,False,False,True,True,True,False,False,False,True,False,True,False,False,False,False,True,False,False
jazz.00005.jams,True,False,True,True,True,False,False,False,False,True,True,True,True,False,True,True,False,True,True
jazz.00006.jams,True,True,True,True,True,True,True,True,True,True,False,True,True,True,True,True,True,True,False
jazz.00007.jams,False,True,False,True,True,True,True,False,True,True,True,True,False,False,False,False,True,True,True
jazz.00008.jams,True,True,True,True,True,True,True,True,True,True,True,True,True,False,True,True,True,True,True
jazz.00009.jams,False,False,False,False,False,False,False,False,False,False,False,False,False,False,False,False,False,False,False
jazz.00010.jams,False,False,False,True,True,True,True,False,True,False,False,True,False,False,False,False,True,False,True
jazz.00011.jams,True,False,True,False,False,False,True,False,True,True,True,True,True,True,True,True,False,True,True
jazz.00012.jams,True,True,True,True,True,True,True,True,True,True,True,True,True,False,True,True,True,True,True
jazz.00013.jams,True,True,True,True,False,True,True,True,True,True,True,True,False,True,True,True,True,True,False
jazz.00014.jams,False,False,False,False,False,False,False,False,True,False,False,True,False,False,False,False,False,False,False
jazz.00015.jams,True,False,True,True,True,False,True,False,False,True,False,True,True,False,True,False,False,True,True
jazz.00016.jams,False,False,False,True,True,True,False,True,False,False,True,True,True,True,False,False,True,False,True
jazz.00017.jams,False,False,True,False,False,False,False,False,False,True,False,False,False,False,True,False,False,False,False
jazz.00018.jams,True,False,True,False,False,False,True,True,True,True,True,True,True,True,True,True,True,True,True
jazz.00019.jams,False,True,False,False,False,False,False,True,True,True,False,True,False,True,True,False,False,False,True
jazz.00020.jams,True,True,True,True,True,True,True,True,True,True,True,True,True,False,True,False,True,True,True
jazz.00021.jams,True,True,True,False,False,False,True,True,True,False,True,True,True,False,True,False,False,False,True
jazz.00022.jams,False,False,False,True,True,False,True,True,True,False,False,True,True,True,False,False,True,False,True
jazz.00023.jams,False,True,True,True,True,True,True,True,True,True,True,True,True,False,True,True,True,False,True
jazz.00024.jams,True,False,True,True,True,True,True,True,True,True,True,True,True,True,True,True,True,True,True
jazz.00025.jams,True,False,True,False,False,False,True,False,True,True,False,True,True,False,True,True,False,True,True
jazz.00026.jams,False,False,False,False,False,False,False,False,False,False,False,False,False,False,False,False,False,False,False
jazz.00027.jams,True,True,True,True,True,True,True,True,True,True,False,False,False,False,True,False,True,False,True
jazz.00028.jams,True,False,True,False,False,False,False,False,False,True,True,True,True,True,True,True,False,True,True
jazz.00029.jams,False,False,False,False,False,False,True,True,True,True,True,True,True,False,True,True,False,True,True
jazz.00030.jams,False,False,False,False,False,False,False,False,False,False,False,False,False,False,False,False,False,False,False
jazz.00031.jams,False,False,False,False,False,False,False,False,False,False,False,False,False,False,False,False,False,False,False
jazz.00032.jams,True,False,True,True,True,True,True,True,True,False,False,True,True,False,True,True,True,True,False
jazz.00033.jams,True,True,True,True,True,True,True,True,True,True,True,True,True,True,True,True,True,True,True
jazz.00034.jams,False,False,True,True,True,False,False,False,False,True,True,True,True,True,True,True,False,True,True
jazz.00035.jams,False,True,True,True,True,True,True,True,True,True,True,True,True,False,False,False,True,False,True
jazz.00036.jams,True,True,True,True,True,True,True,True,True,True,True,True,True,False,True,True,True,True,True
jazz.00037.jams,True,True,True,True,True,True,True,True,True,True,True,True,True,True,True,True,True,True,True
jazz.00038.jams,False,False,False,True,True,False,False,False,False,True,True,True,True,False,True,False,False,True,True
jazz.00039.jams,True,False,True,True,True,False,True,False,False,True,True,True,True,False,True,True,False,True,True
jazz.00040.jams,True,True,True,True,True,True,True,True,True,True,True,True,True,False,True,True,True,True,True
jazz.00041.jams,True,False,True,True,True,False,False,False,False,True,True,True,True,True,True,True,False,True,True
jazz.00042.jams,False,True,True,True,True,True,True,True,True,True,True,True,True,True,False,False,True,True,True
jazz.00043.jams,False,False,False,True,True,False,True,False,False,True,False,True,True,True,False,False,False,True,True
jazz.00044.jams,False,False,False,False,False,False,False,False,False,False,False,False,False,False,False,False,False,False,False
jazz.00045.jams,False,True,True,True,True,True,True,True,True,True,True,True,True,False,True,False,True,True,True
jazz.00046.jams,True,False,True,True,True,False,False,False,False,True,True,True,True,True,True,True,False,True,True
jazz.00047.jams,True,False,True,False,False,False,True,True,True,True,True,True,False,False,True,True,False,False,True
jazz.00048.jams,False,False,False,True,True,False,False,False,False,False,True,True,False,False,False,False,False,False,True
jazz.00049.jams,False,True,False,False,False,False,False,False,True,False,False,False,False,True,False,False,False,False,False
jazz.00050.jams,False,False,False,True,True,False,False,False,False,True,False,True,False,False,False,False,False,False,True
jazz.00051.jams,True,True,True,True,True,True,True,True,True,True,True,True,True,True,True,True,True,True,True
jazz.00052.jams,False,False,False,False,False,False,False,False,False,False,False,False,False,False,False,False,False,False,False
jazz.00053.jams,False,False,True,True,True,False,False,False,False,True,True,True,True,True,True,True,False,True,True
jazz.00054.jams,False,False,False,True,True,True,False,False,False,False,False,False,False,False,False,False,False,False,False
jazz.00055.jams,False,True,True,True,True,True,True,True,True,True,True,True,True,False,False,False,True,True,True
jazz.00056.jams,False,True,True,False,False,True,False,False,True,False,True,False,False,False,False,False,False,True,False
jazz.00057.jams,False,True,True,True,True,True,True,True,True,True,True,True,True,True,True,False,True,True,True
jazz.00058.jams,False,True,False,False,False,False,True,False,False,False,False,False,False,False,False,True,False,False,False
jazz.00059.jams,True,True,True,False,False,True,True,True,True,True,False,True,True,False,True,True,True,True,False
jazz.00060.jams,True,True,True,True,True,True,True,True,True,True,True,True,True,True,True,True,True,True,True
jazz.00061.jams,False,False,True,False,False,False,False,False,False,True,False,True,True,False,True,False,False,False,True
jazz.00062.jams,False,False,False,True,True,False,False,False,False,True,True,True,True,False,True,False,False,True,True
jazz.00063.jams,True,False,True,True,True,False,True,True,True,True,True,True,True,True,True,True,False,False,True
jazz.00064.jams,True,False,True,False,False,False,False,False,False,True,True,True,True,True,True,True,True,True,True
jazz.00065.jams,True,False,True,True,False,False,True,False,False,True,True,True,True,False,True,True,False,True,True
jazz.00066.jams,False,True,True,False,True,True,True,True,True,True,False,True,True,False,False,False,False,False,True
jazz.00067.jams,False,False,False,False,False,False,False,False,False,False,False,False,False,False,False,False,False,True,False
jazz.00068.jams,False,True,True,True,True,True,True,True,True,True,True,True,True,True,False,False,True,True,True
jazz.00069.jams,False,False,False,True,True,False,True,False,True,True,True,True,True,True,False,False,False,True,True
jazz.00070.jams,True,True,True,True,True,True,True,True,True,True,True,True,True,True,True,True,True,True,True
jazz.00071.jams,False,True,True,True,True,True,True,True,True,True,True,True,True,False,True,False,True,False,True
jazz.00072.jams,True,False,True,True,True,False,False,False,False,True,True,True,True,True,True,True,False,True,True
jazz.00073.jams,True,False,True,True,True,False,True,False,False,True,True,True,True,True,True,True,True,True,True
jazz.00074.jams,True,True,True,True,True,True,True,True,True,True,False,True,True,True,True,True,True,False,True
jazz.00075.jams,True,False,True,True,True,False,True,True,False,True,True,True,True,True,True,False,False,False,True
jazz.00076.jams,False,True,False,True,True,True,True,True,False,True,True,True,True,True,False,False,True,False,True
jazz.00077.jams,False,False,True,True,True,False,False,False,False,True,True,True,True,False,False,False,True,True,True
jazz.00078.jams,False,False,True,True,True,False,True,False,False,True,True,True,True,True,False,False,False,True,True
jazz.00079.jams,True,True,True,True,True,True,True,True,True,True,True,True,True,True,True,True,True,True,True
jazz.00080.jams,True,False,True,True,True,True,True,True,True,True,True,True,True,True,True,True,True,True,True
jazz.00081.jams,True,True,True,True,True,True,True,True,True,True,True,True,True,True,True,True,True,True,True
jazz.00082.jams,True,False,True,True,True,False,False,False,False,True,True,True,True,True,True,True,False,True,True
jazz.00083.jams,False,False,True,True,True,True,True,True,True,True,True,True,True,True,True,True,False,True,True
jazz.00084.jams,False,False,False,True,True,False,True,False,False,False,True,True,False,True,False,False,False,False,False
jazz.00085.jams,False,False,True,True,True,False,True,False,True,True,True,True,True,True,True,False,False,False,True
jazz.00086.jams,True,True,True,False,False,False,True,True,True,True,False,True,True,False,True,True,True,False,True
jazz.00087.jams,True,False,False,True,True,False,False,False,False,True,False,True,True,True,True,False,True,True,True
jazz.00088.jams,False,False,False,False,False,False,False,False,False,False,True,True,False,False,False,False,False,False,True
jazz.00089.jams,False,False,False,True,True,True,True,True,True,True,False,True,False,False,False,False,True,False,True
jazz.00090.jams,False,False,False,False,False,False,False,False,False,False,True,True,False,False,False,False,False,False,False
jazz.00091.jams,False,False,False,True,True,True,False,True,True,False,True,True,False,False,False,False,True,False,True
jazz.00092.jams,False,True,False,True,True,True,True,True,False,True,True,True,False,False,False,False,True,False,True
jazz.00093.jams,True,True,True,True,True,True,True,True,True,True,True,True,True,False,True,True,True,True,True
jazz.00094.jams,False,False,False,True,False,True,False,False,False,True,True,True,True,False,False,False,True,True,True
jazz.00095.jams,True,True,True,True,True,True,True,True,True,True,True,True,True,True,True,True,True,True,True
jazz.00096.jams,False,False,False,True,True,False,False,False,False,True,True,True,True,True,False,False,False,True,True
jazz.00097.jams,False,False,False,True,True,True,False,False,False,True,False,True,False,False,False,False,True,False,True
jazz.00098.jams,True,False,True,True,True,False,True,False,True,True,True,True,True,True,False,False,False,True,True
jazz.00099.jams,False,False,False,True,False,False,False,True,False,False,True,True,True,True,False,False,False,True,True
metal.00000.jams,True,True,True,True,True,True,True,True,False,True,True,True,True,True,True,True,True,True,True
metal.00001.jams,True,True,False,False,False,True,True,True,True,False,True,True,False,False,True,True,True,True,False
metal.00002.jams,True,True,True,True,True,True,True,True,True,True,True,True,True,True,True,True,True,True,True
metal.00003.jams,True,True,True,True,True,False,False,True,True,True,True,True,True,True,True,True,True,False,True
metal.00004.jams,True,True,True,True,True,True,True,True,True,True,False,True,False,False,True,False,True,True,True
metal.00005.jams,True,True,True,False,False,True,True,False,False,True,True,True,True,False,False,True,False,True,False
metal.00006.jams,True,True,True,False,False,True,True,True,True,True,True,True,True,True,True,True,True,False,True
metal.00007.jams,True,True,False,False,False,True,True,True,True,False,True,True,True,False,False,True,True,False,True
metal.00008.jams,True,True,True,True,True,True,True,True,True,True,True,True,True,True,True,True,True,True,True
metal.00009.jams,True,False,True,False,True,False,True,True,True,False,True,True,True,False,False,True,False,False,True
metal.00010.jams,False,False,False,False,True,False,False,False,False,True,False,False,False,False,True,True,False,True,False
metal.00011.jams,True,True,False,False,False,True,True,True,True,False,True,False,False,False,False,True,True,True,False
metal.00012.jams,False,True,False,True,True,False,False,False,False,True,False,True,True,False,True,False,False,False,True
metal.00013.jams,False,True,True,True,True,True,True,True,True,True,False,True,False,False,True,False,False,True,True
metal.00014.jams,False,False,False,True,True,True,False,False,False,False,False,False,False,False,False,False,False,True,False
metal.00015.jams,False,False,True,True,True,True,False,True,True,True,False,True,True,False,False,False,False,True,True
metal.00016.jams,True,True,True,True,True,True,False,True,False,True,False,True,True,True,True,True,True,True,True
metal.00017.jams,True,False,True,True,True,True,False,True,True,True,False,True,True,True,True,True,True,True,True
metal.00018.jams,False,False,True,True,True,True,False,True,False,True,False,True,True,False,False,True,False,True,True
metal.00019.jams,False,False,True,True,True,True,False,True,True,True,True,True,True,False,True,True,False,True,True
metal.00020.jams,True,False,True,False,False,False,False,False,False,True,False,False,False,False,False,True,False,True,False
metal.00021.jams,True,True,True,True,True,True,True,True,True,True,True,True,True,True,True,True,True,True,True
metal.00022.jams,True,True,True,True,True,True,True,True,True,True,True,True,True,True,False,True,True,True,True
metal.00023.jams,False,False,False,True,True,False,False,False,False,True,False,True,False,False,False,False,False,False,False
metal.00024.jams,True,True,True,True,True,True,True,True,True,True,True,True,True,True,True,True,True,True,True
metal.00025.jams,True,True,True,True,True,True,True,True,True,True,True,True,True,False,True,True,True,True,True
metal.00026.jams,True,True,True,True,True,True,True,True,True,False,True,True,True,False,False,True,True,True,True
metal.00027.jams,True,True,True,True,True,True,True,True,True,True,True,True,True,True,True,True,True,True,True
metal.00028.jams,True,True,True,True,True,True,True,True,True,True,True,True,True,True,True,True,True,True,True
metal.00029.jams,True,True,True,True,True,True,True,True,True,True,True,True,True,True,True,True,True,True,True
metal.00030.jams,True,True,True,True,True,True,True,True,True,True,True,True,True,False,True,True,True,True,True
metal.00031.jams,True,True,True,True,True,True,True,True,True,True,True,True,True,False,True,True,True,True,True
metal.00032.jams,False,False,False,False,False,False,False,False,False,False,False,False,False,False,False,False,False,False,False
metal.00033.jams,True,True,True,True,True,True,True,True,True,True,True,True,True,False,True,True,True,True,True
metal.00034.jams,False,False,True,True,True,False,False,False,False,True,False,True,True,True,True,False,False,False,True
metal.00035.jams,True,True,True,True,True,True,True,True,True,True,True,True,True,True,True,True,True,True,True
metal.00036.jams,False,False,False,False,False,False,False,False,False,False,False,False,False,False,False,False,False,False,False
metal.00037.jams,False,False,False,True,False,False,False,False,False,True,False,True,False,True,False,False,False,True,False
metal.00038.jams,False,True,True,True,True,True,True,True,True,True,True,True,True,False,True,True,True,True,True
metal.00039.jams,False,False,False,True,True,True,True,False,False,False,False,True,True,False,False,False,False,False,False
metal.00040.jams,True,False,True,True,True,False,True,True,True,True,False,True,True,True,True,True,True,True,True
metal.00041.jams,True,True,True,True,True,True,True,True,True,True,True,True,True,True,True,True,True,True,True
metal.00042.jams,True,True,True,True,True,True,True,True,True,True,True,True,True,False,True,True,True,True,True
metal.00043.jams,True,True,True,True,True,True,True,True,True,True,True,True,True,True,True,True,True,False,True
metal.00044.jams,True,True,True,True,True,True,True,True,True,True,True,True,True,True,True,True,True,True,True
metal.00045.jams,False,False,False,True,True,True,True,False,True,False,False,True,True,False,False,False,False,False,False
metal.00046.jams,True,True,True,True,True,True,True,True,True,True,True,True,True,False,True,True,True,True,True
metal.00047.jams,True,True,True,True,True,False,True,True,True,True,True,True,True,False,True,True,True,True,True
metal.00048.jams,True,True,True,True,True,False,True,True,True,True,True,True,True,True,True,True,True,True,True
metal.00049.jams,True,True,True,True,True,False,False,True,False,True,True,True,True,True,False,True,True,True,True
metal.00050.jams,True,True,True,True,True,True,True,True,True,True,True,True,True,True,True,True,True,True,True
metal.00051.jams,True,True,True,True,True,True,True,True,True,True,True,True,True,True,True,True,True,True,True
metal.00052.jams,False,False,True,True,False,False,False,True,False,True,True,True,False,True,False,False,False,False,False
metal.00053.jams,True,True,True,True,True,True,True,True,True,True,True,True,True,False,True,True,True,True,True
metal.00054.jams,True,True,True,True,True,True,True,True,True,True,True,True,True,False,True,True,True,True,True
metal.00055.jams,False,True,True,True,True,False,False,True,False,True,False,True,True,False,True,False,False,False,True
metal.00056.jams,True,True,True,True,True,False,True,True,True,True,True,True,True,True,True,True,True,True,True
metal.00057.jams,False,False,False,False,False,False,False,False,False,False,False,False,False,False,False,False,False,False,False
metal.00058.jams,False,False,False,True,True,False,False,False,False,True,True,False,False,True,True,False,False,False,False
metal.00059.jams,True,True,True,True,True,True,True,True,True,True,True,True,True,True,True,True,True,True,True
metal.00060.jams,True,True,True,True,True,True,True,True,True,True,True,True,True,True,True,True,True,True,True
metal.00061.jams,True,False,True,True,True,False,True,True,True,True,False,True,True,True,True,True,True,True,True
metal.00062.jams,True,True,True,True,True,True,True,True,True,True,True,True,True,True,True,True,True,True,True
metal.00063.jams,True,True,True,True,True,True,True,True,True,True,True,True,True,False,True,True,True,True,True
metal.00064.jams,True,True,True,True,True,True,True,True,True,True,True,True,True,True,True,True,True,False,True
metal.00065.jams,True,True,True,True,True,True,True,True,True,True,True,True,True,True,True,True,True,True,True
metal.00066.jams,False,False,False,True,True,True,True,False,True,False,False,True,True,False,False,False,False,False,False
metal.00067.jams,True,True,True,True,True,True,True,True,True,True,True,True,True,True,True,True,True,True,True
metal.00068.jams,False,False,True,False,False,False,False,True,False,True,False,True,False,True,False,True,False,False,True
metal.00069.jams,False,False,True,True,True,False,False,False,False,True,False,True,True,True,False,False,False,False,True
metal.00070.jams,True,True,True,True,True,True,True,True,True,True,True,True,True,True,True,True,True,True,True
metal.00071.jams,True,True,True,True,True,True,True,True,True,True,True,True,True,False,True,True,True,False,True
metal.00072.jams,True,True,True,True,True,True,True,True,True,True,True,True,True,True,True,True,True,True,True
metal.00073.jams,False,True,False,True,True,True,False,False,False,False,False,True,True,False,True,False,True,True,False
metal.00074.jams,True,True,True,True,True,True,True,True,True,True,True,True,True,True,True,True,True,True,True
metal.00075.jams,True,True,True,True,True,True,True,True,True,True,True,True,True,True,True,True,True,True,True
metal.00076.jams,True,True,True,True,True,True,True,True,True,True,True,True,True,True,True,True,True,True,True
metal.00077.jams,False,False,False,True,True,False,False,False,False,True,True,True,False,False,True,False,True,False,False
metal.00078.jams,True,True,True,True,True,True,False,True,False,True,True,True,True,True,True,True,True,False,True
metal.00079.jams,True,True,True,True,True,True,True,True,True,True,True,True,True,True,True,True,True,True,True
metal.00080.jams,False,True,True,False,False,False,False,True,False,True,True,True,False,False,False,False,True,True,False
metal.00081.jams,False,False,False,True,True,False,True,False,False,True,False,True,True,True,True,False,True,False,False
metal.00082.jams,True,True,True,True,True,True,True,True,True,True,True,True,True,True,True,True,True,True,True
metal.00083.jams,False,False,False,False,False,False,False,False,False,False,False,False,False,False,False,False,False,False,False
metal.00084.jams,False,False,True,False,False,False,False,False,False,False,True,True,True,True,True,False,False,False,False
metal.00085.jams,True,True,True,True,True,True,True,True,True,True,True,True,True,True,True,True,True,True,True
metal.00086.jams,False,False,False,False,False,False,False,False,False,False,False,False,False,False,False,False,False,False,False
metal.00087.jams,True,False,True,True,True,False,False,True,True,True,True,True,True,False,True,True,True,True,True
metal.00088.jams,True,True,True,True,True,True,True,True,True,True,True,True,True,True,True,True,True,True,True
metal.00089.jams,False,False,False,False,False,False,False,False,False,False,False,False,False,False,False,False,False,False,False
metal.00090.jams,True,False,True,True,True,False,True,True,True,True,False,True,True,True,True,True,False,True,True
metal.00091.jams,False,False,False,True,True,False,True,False,False,True,False,True,False,True,False,False,False,False,False
metal.00092.jams,False,True,True,False,False,False,True,True,True,False,True,True,True,False,False,True,True,True,True
metal.00093.jams,False,False,True,False,True,False,False,False,False,True,True,True,True,True,False,True,False,True,True
metal.00094.jams,False,False,True,True,True,False,False,False,False,True,False,True,True,True,True,False,False,False,True
metal.00095.jams,False,True,False,True,True,True,True,True,True,False,False,True,False,True,True,False,False,False,True
metal.00096.jams,False,True,True,True,True,True,True,True,True,True,True,True,False,True,True,True,False,True,True
metal.00097.jams,True,True,True,True,True,True,True,True,True,True,True,True,False,True,False,False,True,False,True
metal.00098.jams,False,True,True,True,True,True,True,True,True,True,True,True,True,True,True,False,True,True,True
metal.00099.jams,False,True,False,True,True,True,True,False,True,True,False,True,False,True,True,False,True,True,False
pop.00000.jams,False,False,False,True,True,False,False,False,False,False,False,True,True,False,False,False,True,False,False
pop.00001.jams,True,True,True,True,True,True,True,True,True,True,True,True,True,False,True,True,True,True,True
pop.00002.jams,True,True,True,True,True,True,True,True,True,True,True,True,True,True,True,True,True,True,True
pop.00003.jams,True,True,True,True,True,True,True,True,True,True,True,True,True,True,True,True,True,True,True
pop.00004.jams,True,True,True,True,True,True,True,True,True,True,False,True,True,True,True,False,False,True,True
pop.00005.jams,True,True,True,False,False,True,True,True,True,True,True,True,True,False,True,True,True,False,True
pop.00006.jams,True,True,True,True,True,True,True,True,True,True,True,True,True,True,True,True,True,True,True
pop.00007.jams,False,True,False,True,True,False,True,True,True,False,True,True,True,False,False,False,False,False,True
pop.00008.jams,False,True,True,True,True,True,True,True,True,True,True,True,True,False,True,True,True,False,True
pop.00009.jams,True,True,True,True,True,True,True,True,True,True,True,True,True,True,True,True,True,True,True
pop.00010.jams,True,True,True,True,True,True,True,True,True,True,True,True,True,True,True,True,True,True,True
pop.00011.jams,False,True,False,True,True,True,True,True,True,False,True,True,True,False,False,False,False,False,True
pop.00012.jams,True,True,True,False,True,True,False,True,True,True,True,False,False,True,True,True,True,False,False
pop.00013.jams,False,True,False,True,True,True,True,True,True,True,True,True,True,False,True,False,True,False,True
pop.00014.jams,True,True,True,True,True,True,True,True,True,True,True,True,True,False,True,True,True,True,True
pop.00015.jams,True,True,True,True,True,True,True,True,True,True,True,True,True,True,True,True,True,True,True
pop.00016.jams,False,True,True,True,True,True,True,True,True,True,True,True,True,True,True,True,True,True,True
pop.00017.jams,False,False,False,True,True,False,False,False,False,True,False,False,False,False,False,False,True,False,False
pop.00018.jams,True,True,True,True,True,True,True,True,True,True,True,True,True,True,True,True,True,True,True
pop.00019.jams,True,True,True,True,True,True,True,True,False,True,True,True,True,True,True,True,True,True,True
pop.00020.jams,True,True,True,True,True,True,True,True,True,True,True,True,True,True,True,True,True,True,True
pop.00021.jams,True,True,True,True,True,True,True,True,True,True,True,True,True,True,True,True,True,True,True
pop.00022.jams,True,True,True,True,True,True,True,True,True,True,True,True,True,True,True,True,True,True,True
pop.00023.jams,True,True,True,True,True,True,True,True,True,True,True,True,True,True,True,True,True,True,True
pop.00024.jams,True,True,True,True,True,True,True,True,True,True,True,True,True,True,True,True,True,True,True
pop.00025.jams,False,True,False,True,True,True,True,True,True,True,True,True,True,False,True,False,True,True,True
pop.00026.jams,True,True,False,True,True,True,True,True,True,True,True,True,True,False,True,False,True,True,True
pop.00027.jams,True,True,True,True,True,True,True,True,False,True,False,True,True,False,True,True,True,False,True
pop.00028.jams,True,True,True,True,True,True,True,True,True,True,True,True,True,True,True,True,True,True,True
pop.00029.jams,False,True,True,True,True,True,True,True,True,True,True,True,True,False,True,False,True,True,True
pop.00030.jams,True,True,True,True,True,True,True,True,True,True,True,True,True,False,True,True,True,True,True
pop.00031.jams,True,True,True,True,True,True,True,True,True,True,True,True,True,False,True,True,True,True,True
pop.00032.jams,False,False,False,False,False,False,False,False,False,False,False,False,False,False,False,True,False,False,False
pop.00033.jams,False,True,True,True,True,True,True,True,True,True,True,True,True,False,True,True,True,True,True
pop.00034.jams,True,True,True,True,True,True,True,True,True,True,True,True,True,False,True,True,True,True,True
pop.00035.jams,True,True,True,True,True,True,True,True,True,True,True,True,True,True,True,True,True,True,True
pop.00036.jams,True,True,True,True,True,True,True,True,True,True,True,True,True,False,True,True,True,True,True
pop.00037.jams,True,True,True,True,True,True,True,True,True,True,True,True,True,True,True,True,True,True,True
pop.00038.jams,True,True,True,True,True,True,True,True,False,True,True,True,True,True,True,True,True,True,True
pop.00039.jams,True,True,True,True,True,True,True,True,True,True,True,True,True,False,True,True,True,True,True
pop.00040.jams,False,True,False,True,True,False,True,False,True,True,False,True,True,False,True,False,True,False,True
pop.00041.jams,False,False,False,True,True,False,True,False,False,False,False,True,True,False,False,False,False,False,False
pop.00042.jams,True,True,True,True,True,True,True,True,False,True,True,True,True,True,True,True,True,True,True
pop.00043.jams,True,True,True,True,True,True,True,True,True,True,True,True,True,True,True,True,True,True,True
pop.00044.jams,True,True,True,True,True,True,True,True,True,True,True,True,True,True,True,True,True,True,True
pop.00045.jams,True,True,True,True,True,True,True,True,True,True,False,True,True,True,True,True,True,False,True
pop.00046.jams,True,True,True,True,True,True,True,True,True,True,False,True,True,True,True,True,True,True,True
pop.00047.jams,True,True,True,True,True,True,True,True,True,True,True,True,True,False,True,True,True,True,True
pop.00048.jams,True,True,True,True,True,True,True,True,True,True,True,True,True,False,True,True,True,True,True
pop.00049.jams,False,True,False,True,True,True,True,False,True,False,False,True,False,False,False,False,True,False,False
pop.00050.jams,False,True,False,True,True,True,False,False,True,False,False,True,True,False,False,False,True,False,False
pop.00051.jams,True,True,True,True,True,True,True,True,True,True,True,True,True,True,True,True,True,True,True
pop.00052.jams,True,True,True,True,True,False,True,True,True,True,True,True,True,False,True,True,True,True,True
pop.00053.jams,False,False,False,False,False,False,False,False,False,True,False,True,False,True,False,False,False,True,False
pop.00054.jams,True,True,True,True,True,True,True,True,True,True,True,True,True,False,True,True,True,True,True
pop.00055.jams,True,True,True,True,True,True,True,True,True,True,True,True,True,True,True,True,True,True,True
pop.00056.jams,True,True,True,True,True,True,False,True,True,True,False,True,True,False,True,True,True,True,True
pop.00057.jams,True,True,True,True,True,False,True,True,True,True,True,True,True,True,True,True,True,True,True
pop.00058.jams,True,True,True,True,True,True,True,True,True,True,True,True,True,True,False,True,True,True,True
pop.00059.jams,True,True,True,True,True,True,False,True,True,True,False,True,True,False,True,True,True,True,True
pop.00060.jams,True,True,True,True,True,True,True,True,True,True,True,True,True,False,True,True,True,True,True
pop.00061.jams,True,True,True,True,True,True,True,True,True,True,True,True,True,True,True,True,True,True,True
pop.00062.jams,True,False,True,True,True,True,True,False,True,True,False,True,True,False,False,False,True,True,True
pop.00063.jams,False,False,False,True,True,False,True,False,False,False,False,False,False,True,False,False,False,False,False
pop.00064.jams,False,True,True,False,False,True,True,True,True,False,True,True,True,False,False,True,False,True,True
pop.00065.jams,False,True,False,False,False,True,False,False,True,False,False,True,True,False,False,False,False,False,False
pop.00066.jams,True,True,True,True,False,True,True,True,True,True,True,True,True,True,True,False,True,True,True
pop.00067.jams,True,True,True,True,True,True,True,True,True,True,True,True,True,True,True,True,True,True,True
pop.00068.jams,False,False,False,False,False,False,False,False,False,False,False,False,False,True,False,False,False,False,False
pop.00069.jams,True,True,True,True,True,True,True,True,True,True,True,True,True,True,True,True,True,True,True
pop.00070.jams,False,False,False,False,False,False,False,False,True,False,False,True,True,True,False,False,False,False,False
pop.00071.jams,True,True,True,True,True,True,True,True,True,True,True,True,True,True,True,True,True,True,True
pop.00072.jams,True,True,True,True,True,True,True,True,True,True,True,True,True,False,True,True,True,True,True
pop.00073.jams,False,False,False,False,False,False,False,False,False,False,False,False,False,True,False,False,False,False,False
pop.00074.jams,True,True,True,True,True,True,True,True,True,True,True,True,True,True,True,True,True,True,True
pop.00075.jams,True,True,True,True,True,True,True,True,True,True,True,True,True,True,True,True,True,True,True
pop.00076.jams,True,True,True,True,True,True,True,True,True,True,True,True,True,True,False,True,False,True,True
pop.00077.jams,True,True,True,True,True,True,True,True,True,True,True,True,True,False,True,True,True,True,True
pop.00078.jams,True,True,True,True,True,True,True,True,True,True,True,True,True,True,True,True,True,True,True
pop.00079.jams,False,False,False,False,False,False,False,False,False,False,True,False,False,False,False,False,False,False,False
pop.00080.jams,True,True,True,True,True,True,True,True,True,True,True,True,True,True,True,True,True,True,True
pop.00081.jams,False,False,False,True,True,True,False,False,False,False,True,True,True,False,False,False,True,False,True
pop.00082.jams,True,True,True,True,True,True,True,True,True,True,True,True,True,True,True,True,True,True,True
pop.00083.jams,False,False,False,False,False,False,False,False,False,False,False,False,False,False,False,False,False,False,False
pop.00084.jams,True,True,True,True,True,True,True,True,True,True,True,True,True,False,True,True,True,True,True
pop.00085.jams,True,True,True,True,True,True,True,True,True,True,True,True,True,True,True,True,True,True,True
pop.00086.jams,False,False,False,False,False,False,False,False,False,False,False,False,False,True,False,False,False,False,False
pop.00087.jams,True,True,True,True,True,True,True,True,True,True,True,True,True,True,True,True,True,True,True
pop.00088.jams,True,True,True,True,True,True,True,True,True,True,True,True,True,True,True,True,True,True,True
pop.00089.jams,True,True,True,True,True,True,True,True,True,True,True,True,True,True,True,True,True,True,True
pop.00090.jams,True,True,True,True,True,True,True,True,True,True,True,True,True,True,True,True,True,True,True
pop.00091.jams,True,True,True,True,True,True,True,True,True,True,True,True,True,True,True,True,True,True,True
pop.00092.jams,True,True,True,True,True,True,True,True,True,True,True,True,True,True,True,True,True,True,True
pop.00093.jams,True,True,True,True,True,True,True,True,True,True,True,True,True,True,True,True,True,True,True
pop.00094.jams,True,True,True,True,True,True,True,True,False,True,False,True,True,False,False,False,True,False,True
pop.00095.jams,True,True,True,True,True,True,True,True,True,True,True,True,True,True,True,True,True,True,True
pop.00096.jams,True,True,True,True,True,True,True,True,True,True,True,True,True,True,True,True,True,True,True
pop.00097.jams,True,True,True,True,True,True,True,True,True,True,True,True,True,True,True,True,True,True,True
pop.00098.jams,True,True,True,True,True,True,True,True,True,True,True,True,True,True,True,True,True,True,True
pop.00099.jams,True,True,True,True,True,True,True,True,True,True,True,True,True,True,True,False,True,True,True
reggae.00000.jams,True,True,True,True,True,True,True,True,False,True,True,True,True,False,True,True,True,True,True
reggae.00001.jams,False,True,False,True,True,True,True,True,True,True,True,True,True,False,False,False,True,True,True
reggae.00002.jams,True,True,True,True,True,True,True,True,True,True,True,True,True,True,True,True,True,True,True
reggae.00003.jams,False,False,False,True,False,False,True,False,True,True,True,True,True,False,True,False,True,False,True
reggae.00004.jams,True,True,True,True,True,True,True,True,True,True,True,True,True,True,True,True,True,True,True
reggae.00005.jams,False,False,True,True,True,False,True,True,False,True,False,True,True,True,True,False,True,False,True
reggae.00006.jams,False,False,True,True,True,False,False,False,True,True,False,True,True,True,False,False,True,True,True
reggae.00007.jams,False,False,False,True,True,False,True,False,True,True,True,True,True,True,False,False,True,True,True
reggae.00008.jams,True,True,True,True,True,False,True,True,True,True,True,True,True,True,True,True,True,True,True
reggae.00009.jams,False,False,True,False,False,False,True,True,True,True,True,True,True,False,True,False,True,True,True
reggae.00010.jams,False,False,False,True,True,False,False,False,False,False,False,True,False,False,False,False,False,False,False
reggae.00011.jams,False,False,False,False,False,False,True,False,False,False,True,True,False,False,False,False,False,False,False
reggae.00012.jams,True,True,True,True,True,True,True,True,True,True,True,True,True,True,True,True,True,True,True
reggae.00013.jams,True,True,True,True,True,True,True,True,True,True,False,True,True,True,True,True,True,True,True
reggae.00014.jams,False,False,False,False,False,False,False,False,True,False,True,True,False,True,True,False,False,False,False
reggae.00015.jams,True,True,True,True,True,True,True,True,True,True,True,True,True,True,True,True,True,True,True
reggae.00016.jams,True,True,True,True,True,True,True,True,True,True,True,True,True,True,True,True,True,True,True
reggae.00017.jams,False,False,False,False,False,False,True,False,True,False,False,True,False,False,False,False,False,False,False
reggae.00018.jams,False,False,True,True,True,False,True,True,True,True,True,True,True,False,False,False,True,False,True
reggae.00019.jams,False,False,False,True,True,False,True,False,True,True,True,True,True,False,True,False,True,True,True
reggae.00020.jams,False,False,False,False,False,False,False,False,False,False,False,False,False,True,False,False,False,False,False
reggae.00021.jams,False,False,True,True,True,False,True,True,True,True,True,True,True,False,False,False,False,True,True
reggae.00022.jams,False,False,False,False,False,False,True,False,False,True,False,True,False,False,False,False,False,False,True
reggae.00023.jams,False,False,False,False,False,False,True,False,False,False,False,False,False,True,False,False,False,False,False
reggae.00024.jams,False,False,False,False,False,False,True,False,False,True,True,True,False,False,False,False,False,False,True
reggae.00025.jams,False,False,False,False,False,False,False,False,True,False,False,True,False,False,False,False,False,True,False
reggae.00026.jams,False,False,False,False,False,False,True,False,True,True,True,True,False,True,False,False,False,True,False
reggae.00027.jams,False,False,False,False,False,False,False,False,False,False,False,True,False,True,False,False,False,False,False
reggae.00028.jams,False,False,False,False,False,False,True,True,False,True,True,True,True,True,False,False,True,False,True
reggae.00029.jams,False,False,False,False,False,False,False,False,False,True,False,True,True,False,True,False,True,False,True
reggae.00030.jams,True,False,False,False,False,False,False,False,False,True,False,True,True,True,False,False,True,False,True
reggae.00031.jams,False,False,False,False,True,True,True,True,True,True,False,True,True,False,False,False,True,False,True
reggae.00032.jams,False,True,False,False,False,False,False,False,True,True,True,True,False,False,False,False,False,False,False
reggae.00033.jams,True,True,True,True,True,True,False,True,True,True,False,True,True,True,True,True,True,True,True
reggae.00034.jams,True,True,True,True,True,True,True,True,True,True,False,True,True,True,True,True,True,True,True
reggae.00035.jams,True,False,True,False,False,False,True,True,True,True,False,True,True,True,True,False,True,False,True
reggae.00036.jams,True,True,True,True,True,True,True,True,True,True,True,True,True,True,True,True,True,False,True
reggae.00037.jams,False,False,False,False,False,False,False,False,False,False,False,True,True,True,True,False,False,False,False
reggae.00038.jams,True,True,True,True,True,True,True,True,True,True,True,True,True,False,True,True,True,True,True
reggae.00039.jams,False,False,False,True,True,False,True,True,True,True,True,True,True,False,True,False,True,True,False
reggae.00040.jams,True,False,True,False,False,True,False,True,True,True,True,True,True,False,False,True,True,True,True
reggae.00041.jams,False,False,True,True,True,True,True,False,False,False,False,True,True,True,False,False,False,True,True
reggae.00042.jams,False,False,False,False,False,False,False,False,True,False,False,True,True,False,False,False,False,True,False
reggae.00043.jams,False,False,True,True,True,False,True,True,False,True,False,True,True,False,True,False,False,False,True
reggae.00044.jams,False,True,True,True,True,True,False,False,True,True,True,True,True,True,True,True,True,True,True
reggae.00045.jams,False,False,True,False,False,False,False,False,False,True,True,True,True,False,True,False,False,True,True
reggae.00046.jams,True,False,True,True,True,False,True,True,True,True,True,True,True,True,True,True,True,True,True
reggae.00047.jams,False,False,False,True,False,False,True,False,False,True,False,True,True,True,True,False,False,True,True
reggae.00048.jams,True,False,True,True,True,False,True,True,True,True,True,True,True,True,True,True,True,True,True
reggae.00049.jams,True,True,True,True,True,False,True,True,True,True,True,True,True,True,True,True,False,True,True
reggae.00050.jams,True,True,True,True,True,True,True,True,True,True,True,True,True,True,True,True,True,True,True
reggae.00051.jams,True,True,True,True,True,True,True,True,True,True,True,True,True,False,True,True,True,True,True
reggae.00052.jams,True,True,True,True,True,True,True,True,True,True,True,True,True,False,True,True,True,True,True
reggae.00053.jams,False,True,True,False,False,False,True,False,True,True,True,True,True,False,True,False,False,True,True
reggae.00054.jams,False,False,False,True,False,False,True,False,True,True,True,True,True,True,True,False,True,False,True
reggae.00055.jams,True,True,True,True,True,True,True,True,True,True,True,True,True,True,True,True,True,True,True
reggae.00056.jams,False,False,True,True,True,False,True,True,False,True,False,True,True,True,True,False,True,True,True
reggae.00057.jams,True,True,True,True,True,True,True,True,True,True,True,True,True,True,True,True,True,True,True
reggae.00058.jams,False,False,False,False,False,False,False,False,False,False,True,True,False,False,False,False,False,False,False
reggae.00059.jams,False,False,False,True,True,False,True,True,True,True,True,True,True,False,False,False,True,False,True
reggae.00060.jams,False,False,False,False,False,False,False,False,False,False,False,True,False,False,False,False,False,False,False
reggae.00061.jams,True,True,True,True,True,True,True,True,True,True,True,True,True,True,False,True,True,True,True
reggae.00062.jams,False,True,False,True,True,False,True,False,True,True,False,True,True,True,True,False,True,True,True
reggae.00063.jams,True,False,True,True,True,False,True,True,True,True,True,True,True,True,True,True,True,True,True
reggae.00064.jams,True,False,True,True,True,True,True,True,True,True,True,True,True,False,True,True,True,False,True
reggae.00065.jams,True,True,True,True,True,True,True,True,True,True,True,True,True,True,True,True,True,True,True
reggae.00066.jams,True,True,False,True,True,True,True,True,True,True,True,True,True,True,False,False,True,True,True
reggae.00067.jams,False,True,True,True,True,False,True,True,True,True,True,True,True,True,True,True,True,True,True
reggae.00068.jams,False,False,False,False,False,False,True,False,True,False,True,True,True,True,False,False,False,True,False
reggae.00069.jams,False,False,False,True,True,False,True,False,False,False,True,True,True,False,False,False,False,False,True
reggae.00070.jams,True,False,True,True,True,False,False,False,True,True,True,True,True,True,True,True,True,False,True
reggae.00071.jams,False,True,True,True,True,True,True,False,True,False,True,True,True,True,True,False,True,True,False
reggae.00072.jams,True,True,True,True,True,True,True,True,True,True,False,True,True,False,True,True,True,False,True
reggae.00073.jams,True,True,True,True,True,True,True,True,True,True,True,True,True,False,True,True,True,True,True
reggae.00074.jams,True,True,True,True,True,True,True,True,True,True,True,True,True,False,True,True,True,True,True
reggae.00075.jams,False,True,False,True,True,False,True,False,True,True,False,True,False,False,False,False,True,True,True
reggae.00076.jams,False,True,False,True,True,True,True,True,True,True,True,True,True,False,True,False,True,False,True
reggae.00077.jams,False,False,False,False,False,False,True,False,False,True,True,True,False,True,True,False,True,True,True
reggae.00078.jams,False,False,True,True,True,True,True,True,False,True,True,True,True,True,True,False,True,True,True
reggae.00079.jams,False,False,True,False,True,False,True,False,True,True,True,True,True,True,True,False,False,True,True
reggae.00080.jams,True,True,True,True,True,True,True,True,True,True,True,True,True,True,True,True,True,True,True
reggae.00081.jams,True,True,True,True,True,True,True,True,True,True,True,True,True,True,True,True,True,True,True
reggae.00082.jams,True,True,True,True,True,True,True,True,True,True,True,True,True,True,True,True,True,True,True
reggae.00083.jams,False,True,False,True,True,True,True,True,True,False,False,True,True,False,True,False,True,True,True
reggae.00084.jams,True,True,True,True,True,True,True,True,True,True,True,True,True,True,True,True,True,True,True
reggae.00085.jams,True,False,True,False,True,False,True,True,True,True,True,True,True,True,True,True,False,False,True
reggae.00086.jams,False,False,False,False,False,False,False,False,False,False,False,False,False,False,False,False,False,False,False
reggae.00087.jams,False,True,True,True,True,True,True,True,True,True,False,True,True,False,True,True,True,False,True
reggae.00088.jams,True,True,True,True,True,True,True,True,True,True,True,True,True,True,True,True,True,True,True
reggae.00089.jams,False,False,True,True,False,False,True,False,False,True,False,True,True,False,False,False,False,True,True
reggae.00090.jams,False,True,False,True,True,False,True,True,True,True,True,True,True,True,True,False,False,True,True
reggae.00091.jams,False,True,False,True,True,False,True,False,True,True,True,True,True,True,True,False,True,True,True
reggae.00092.jams,False,True,False,True,True,False,True,False,False,True,True,True,True,True,True,False,True,True,True
reggae.00093.jams,True,False,True,True,True,False,True,True,False,True,True,True,True,True,True,True,True,True,True
reggae.00094.jams,False,False,False,False,False,False,False,False,False,False,False,False,False,False,False,False,False,False,False
reggae.00095.jams,False,False,False,False,False,False,False,False,False,False,False,False,False,False,False,False,False,False,False
reggae.00096.jams,True,False,True,True,True,False,False,False,True,True,True,True,True,True,True,True,False,True,True
reggae.00097.jams,False,False,False,False,False,False,True,False,False,False,False,True,False,False,False,False,False,False,False
reggae.00098.jams,False,False,False,False,False,False,False,False,False,False,False,False,False,False,False,False,False,False,False
reggae.00099.jams,False,False,False,False,False,False,False,False,False,False,False,False,False,False,False,False,False,False,False
rock.00000.jams,False,True,True,False,False,True,True,True,True,True,False,True,True,False,True,False,True,False,True
rock.00001.jams,False,True,False,True,True,True,True,True,True,True,True,True,True,True,True,False,True,False,True
rock.00002.jams,True,True,True,True,True,True,True,True,True,True,True,True,True,False,True,True,True,True,True
rock.00003.jams,True,True,True,True,True,True,True,True,True,True,True,True,True,False,True,True,True,True,True
rock.00004.jams,True,True,True,True,True,True,True,True,True,True,True,True,True,False,False,False,True,True,True
rock.00005.jams,True,True,True,True,True,True,True,True,True,True,True,True,True,True,True,True,True,True,True
rock.00006.jams,False,True,False,True,True,True,False,False,False,False,True,True,False,False,False,False,False,True,False
rock.00007.jams,True,True,True,True,True,True,True,True,True,True,True,True,True,False,True,True,True,True,True
rock.00008.jams,False,True,True,True,True,True,True,True,True,True,True,True,True,True,True,True,True,True,True
rock.00009.jams,True,True,False,True,True,True,True,True,True,True,True,True,True,True,True,False,True,False,True
rock.00010.jams,False,False,True,True,True,True,True,True,True,True,True,True,True,False,False,True,True,True,True
rock.00011.jams,True,True,True,False,True,True,True,True,True,True,True,True,True,True,True,True,True,True,True
rock.00012.jams,True,True,True,True,True,True,True,True,True,True,False,True,True,True,True,True,True,True,True
rock.00013.jams,True,True,True,False,False,True,True,True,True,True,False,True,True,True,False,False,True,True,True
rock.00014.jams,False,True,True,True,True,True,True,True,True,False,True,True,True,False,True,False,False,True,True
rock.00015.jams,True,True,True,True,True,True,True,True,True,False,True,True,True,False,True,True,True,False,True
rock.00016.jams,True,True,True,False,False,True,True,True,True,False,False,True,True,False,False,True,True,True,True
rock.00017.jams,True,True,True,True,True,True,True,True,True,True,True,True,True,True,True,True,True,True,True
rock.00018.jams,True,True,True,True,True,True,True,True,True,True,True,True,True,True,True,True,True,True,True
rock.00019.jams,True,True,True,True,True,True,True,True,True,True,True,True,True,True,True,True,True,True,True
rock.00020.jams,True,False,True,True,True,False,True,True,False,True,True,True,True,True,True,True,True,True,True
rock.00021.jams,False,True,True,True,True,False,True,True,True,True,True,True,True,True,True,True,False,True,True
rock.00022.jams,True,False,True,True,True,False,True,True,False,True,True,True,True,True,True,True,False,True,True
rock.00023.jams,False,True,True,True,True,True,True,True,True,True,True,True,True,True,True,False,True,True,True
rock.00024.jams,True,True,False,False,False,True,False,False,True,False,False,True,True,False,False,True,True,False,False
rock.00025.jams,True,True,True,True,True,True,True,True,True,True,True,True,True,True,True,True,True,False,True
rock.00026.jams,True,True,True,False,False,True,True,True,True,True,True,True,True,True,True,True,True,True,True
rock.00027.jams,False,False,False,True,True,False,False,False,False,True,False,True,True,True,False,False,False,True,True
rock.00028.jams,False,False,False,False,False,False,False,False,False,False,False,False,False,True,False,False,False,False,False
rock.00029.jams,True,True,True,True,True,True,True,True,True,True,True,True,True,False,True,True,True,True,True
rock.00030.jams,True,True,True,True,True,True,True,True,True,True,True,True,True,True,True,True,True,True,True
rock.00031.jams,True,True,True,True,True,True,True,True,True,True,True,True,True,False,True,True,True,True,True
rock.00032.jams,True,True,True,True,True,True,True,True,True,True,True,True,True,True,True,True,True,True,True
rock.00033.jams,True,True,True,True,True,True,True,True,True,True,True,True,True,True,True,True,True,True,True
rock.00034.jams,False,False,False,True,True,True,False,False,False,False,False,True,True,False,False,False,True,False,False
rock.00035.jams,True,True,True,True,True,True,True,True,True,True,False,True,True,True,True,True,True,True,False
rock.00036.jams,False,False,False,True,True,True,False,False,False,False,False,False,False,True,False,False,False,False,True
rock.00037.jams,True,True,True,True,True,True,True,True,True,True,True,True,True,True,True,True,True,True,True
rock.00038.jams,False,False,False,False,False,True,False,False,False,False,False,True,True,False,False,False,False,True,False
rock.00039.jams,False,False,False,True,True,False,False,False,True,True,False,True,True,False,True,False,False,False,False
rock.00040.jams,True,True,True,False,False,True,True,True,True,True,True,False,False,True,False,True,False,True,True
rock.00041.jams,True,True,True,True,True,True,True,True,True,True,True,True,True,True,True,True,True,True,True
rock.00042.jams,False,True,False,False,False,True,True,False,False,True,True,True,True,True,True,False,False,True,True
rock.00043.jams,True,True,True,True,True,True,True,True,True,True,True,True,True,False,True,True,True,True,True
rock.00044.jams,True,True,True,True,True,True,True,False,True,True,True,True,True,True,True,True,True,True,True
rock.00045.jams,False,True,False,True,True,True,True,False,True,True,True,True,True,True,True,False,True,True,False
rock.00046.jams,True,True,True,True,True,True,True,True,True,True,True,True,True,True,True,True,True,True,True
rock.00047.jams,True,True,True,True,True,True,True,True,True,True,True,True,True,True,True,True,True,True,True
rock.00048.jams,False,False,False,False,False,False,False,False,False,False,False,False,False,False,False,False,False,False,False
rock.00049.jams,False,True,True,True,True,True,True,True,True,True,False,True,True,False,True,True,True,True,True
rock.00050.jams,True,True,True,True,True,True,True,True,True,True,True,True,True,True,True,True,True,True,True
rock.00051.jams,True,True,True,False,True,True,True,True,True,True,True,True,True,True,True,True,True,True,True
rock.00052.jams,False,False,False,False,False,False,False,False,False,False,False,True,False,False,False,False,False,False,False
rock.00053.jams,True,True,True,True,True,True,True,True,True,True,True,True,True,True,True,True,True,True,True
rock.00054.jams,False,True,True,False,False,True,True,True,True,True,True,True,True,False,True,True,False,True,True
rock.00055.jams,False,False,False,False,False,False,False,False,False,False,False,True,False,False,False,False,False,False,False
rock.00056.jams,False,False,False,False,False,False,False,False,False,False,False,False,False,False,False,False,False,False,False
rock.00057.jams,True,True,True,True,True,True,True,True,True,True,True,True,True,False,True,True,True,True,True
rock.00058.jams,False,True,False,True,True,True,True,False,True,True,False,True,False,False,False,False,False,False,False
rock.00059.jams,True,True,True,False,True,True,True,True,True,True,True,True,True,False,True,True,True,True,False
rock.00060.jams,True,False,True,True,True,False,False,False,False,True,True,True,True,False,True,True,False,False,True
rock.00061.jams,True,True,True,True,True,False,True,True,True,True,True,True,True,True,True,True,True,True,True
rock.00062.jams,False,False,False,True,True,False,False,False,True,False,False,True,False,True,False,False,False,False,False
rock.00063.jams,False,False,True,True,True,True,True,False,False,False,True,True,True,False,False,False,True,False,True
rock.00064.jams,True,True,True,False,False,True,False,True,True,True,True,True,False,False,True,True,True,True,False
rock.00065.jams,False,False,False,False,False,False,False,False,False,False,False,True,False,False,False,False,False,False,False
rock.00066.jams,True,True,True,True,True,True,True,True,True,True,True,True,True,True,False,False,True,True,True
rock.00067.jams,True,True,True,True,True,True,True,True,True,True,True,True,True,True,True,True,True,True,True
rock.00068.jams,True,True,True,False,False,True,True,True,True,True,True,True,True,True,True,True,True,True,True
rock.00069.jams,False,True,False,False,False,False,False,True,True,True,False,True,True,False,True,True,False,True,True
rock.00070.jams,False,True,False,True,True,True,True,True,True,True,False,True,True,False,True,True,False,False,True
rock.00071.jams,True,True,True,True,True,True,True,True,True,True,True,True,True,True,True,True,True,True,True
rock.00072.jams,True,True,True,True,True,True,True,True,True,True,True,True,True,False,True,True,True,True,True
rock.00073.jams,True,True,True,True,True,True,True,True,True,True,False,True,True,True,True,True,True,True,True
rock.00074.jams,False,False,False,False,False,False,False,False,False,False,False,False,False,False,False,False,False,False,False
rock.00075.jams,True,True,True,True,True,True,True,True,True,True,True,True,True,True,True,True,True,True,True
rock.00076.jams,False,False,False,False,False,False,False,False,False,False,False,False,False,False,False,False,False,False,False
rock.00077.jams,True,True,True,True,True,True,True,True,True,True,True,True,True,True,True,True,True,True,True
rock.00078.jams,True,True,True,True,True,True,True,True,True,True,True,True,True,True,True,True,True,True,True
rock.00079.jams,False,False,False,False,False,False,False,False,False,False,False,False,False,True,False,False,False,False,False
rock.00080.jams,False,False,False,False,False,False,False,False,False,False,False,False,False,False,False,False,False,False,False
rock.00081.jams,True,True,True,True,True,True,True,True,True,True,True,True,True,True,True,True,True,True,True
rock.00082.jams,True,True,True,True,True,True,True,True,True,True,True,True,True,True,True,True,True,True,True
rock.00083.jams,True,True,True,True,True,True,True,True,True,True,True,True,True,True,True,True,True,True,True
rock.00084.jams,False,False,False,False,False,False,False,False,False,False,False,True,False,True,False,False,False,False,False
rock.00085.jams,False,True,True,True,True,True,False,True,True,True,True,True,True,True,True,True,True,True,True
rock.00086.jams,True,True,True,True,True,True,True,True,True,True,True,True,True,False,True,True,True,True,True
rock.00087.jams,False,False,False,False,False,False,False,False,False,False,False,False,False,True,False,False,False,False,False
rock.00088.jams,True,True,True,True,True,True,True,True,True,True,True,True,True,True,True,True,True,True,True
rock.00089.jams,True,True,True,True,True,True,True,True,True,True,True,True,True,True,True,True,True,True,True
rock.00090.jams,False,False,False,False,False,False,False,False,False,False,False,False,False,False,False,False,False,True,False
rock.00091.jams,False,False,False,True,True,False,True,False,False,False,False,False,False,False,False,False,False,False,True
rock.00092.jams,False,False,False,False,False,False,False,False,False,False,False,True,False,False,False,False,False,False,False
rock.00093.jams,True,True,True,True,True,True,True,True,True,True,True,True,True,True,True,True,True,True,True
rock.00094.jams,True,True,True,True,True,True,True,True,True,True,True,True,True,True,True,True,True,True,True
rock.00095.jams,False,False,False,False,False,False,False,False,False,False,False,True,False,False,False,False,False,False,False
rock.00096.jams,False,False,False,False,False,False,False,False,False,False,False,True,False,False,False,False,False,False,False
rock.00097.jams,False,False,False,False,False,False,False,False,False,False,False,False,False,True,False,False,False,False,False
rock.00098.jams,False,False,False,False,False,False,False,False,False,False,False,True,False,False,False,False,False,False,False
rock.00099.jams,True,True,True,False,False,True,True,True,True,True,True,True,True,True,True,True,True,True,True
