\begin{tabular}{lrrrrrrrrrrrrrrr}
\toprule
{} &  boeck2015/tempodetector2016\_default &  davies2009/mirex\_qm\_tempotracker &  echonest/version\_3\_2\_1 &  gkiokas2012/default &  klapuri2006/percival2014 &  oliveira2010/ibt &  percival2014/stem &  scheirer1998/percival2014 &  schreiber2014/default &  schreiber2017/ismir2017 &  schreiber2017/mirex2017 &  schreiber2018/cnn &  schreiber2018/fcn &  schreiber2018/ismir2018 &  zplane/auftakt\_v3 \\
Estimator                           &                                      &                                   &                         &                      &                           &                   &                    &                            &                        &                          &                          &                    &                    &                          &                    \\
\midrule
boeck2015/tempodetector2016\_default &                         1.000000e+00 &                      4.818144e-09 &            1.352296e-16 &         1.641491e-03 &              2.564886e-04 &      9.723859e-15 &       5.946338e-02 &               4.789463e-43 &           4.697573e-04 &             4.438416e-02 &             4.438416e-02 &       4.513808e-01 &       5.343881e-02 &             3.838266e-03 &       3.175275e-12 \\
davies2009/mirex\_qm\_tempotracker    &                         4.818144e-09 &                      1.000000e+00 &            1.837244e-02 &         6.648213e-04 &              1.421404e-02 &      2.650028e-02 &       6.544227e-06 &               2.010993e-20 &           3.414791e-03 &             4.062196e-05 &             4.062196e-05 &       2.260598e-07 &       3.356755e-05 &             7.570231e-04 &       5.228167e-01 \\
echonest/version\_3\_2\_1              &                         1.352296e-16 &                      1.837244e-02 &            1.000000e+00 &         9.593063e-10 &              1.609927e-07 &      7.841912e-01 &       3.098473e-12 &               2.012326e-11 &           1.709865e-09 &             2.970770e-12 &             2.970770e-12 &       1.757257e-15 &       5.560433e-11 &             6.375482e-10 &       6.218006e-02 \\
gkiokas2012/default                 &                         1.641491e-03 &                      6.648213e-04 &            9.593063e-10 &         1.000000e+00 &              3.018984e-01 &      4.864839e-08 &       3.408909e-01 &               7.039548e-33 &           7.945723e-01 &             4.423557e-01 &             4.423557e-01 &       3.648340e-02 &       4.270429e-01 &             8.936947e-01 &       2.857379e-05 \\
klapuri2006/percival2014            &                         2.564886e-04 &                      1.421404e-02 &            1.609927e-07 &         3.018984e-01 &              1.000000e+00 &      1.786578e-06 &       2.224139e-02 &               2.507138e-26 &           4.423557e-01 &             4.295655e-02 &             4.295655e-02 &       1.065766e-03 &       4.295655e-02 &             2.370471e-01 &       7.186137e-04 \\
oliveira2010/ibt                    &                         9.723859e-15 &                      2.650028e-02 &            7.841912e-01 &         4.864839e-08 &              1.786578e-06 &      1.000000e+00 &       2.303755e-11 &               1.180138e-12 &           3.279692e-07 &             2.379560e-10 &             2.379560e-10 &       2.260150e-13 &       3.586216e-10 &             8.577709e-09 &       1.219167e-01 \\
percival2014/stem                   &                         5.946338e-02 &                      6.544227e-06 &            3.098473e-12 &         3.408909e-01 &              2.224139e-02 &      2.303755e-11 &       1.000000e+00 &               3.814512e-37 &           1.607796e-01 &             1.000000e+00 &             1.000000e+00 &       2.799562e-01 &       1.000000e+00 &             3.019956e-01 &       1.411467e-08 \\
scheirer1998/percival2014           &                         4.789463e-43 &                      2.010993e-20 &            2.012326e-11 &         7.039548e-33 &              2.507138e-26 &      1.180138e-12 &       3.814512e-37 &               1.000000e+00 &           2.321286e-31 &             1.708327e-35 &             1.708327e-35 &       5.126188e-42 &       6.095579e-36 &             2.756300e-33 &       7.392918e-17 \\
schreiber2014/default               &                         4.697573e-04 &                      3.414791e-03 &            1.709865e-09 &         7.945723e-01 &              4.423557e-01 &      3.279692e-07 &       1.607796e-01 &               2.321286e-31 &           1.000000e+00 &             8.715855e-02 &             8.715855e-02 &       7.942727e-03 &       2.288055e-01 &             7.754497e-01 &       1.693583e-05 \\
schreiber2017/ismir2017             &                         4.438416e-02 &                      4.062196e-05 &            2.970770e-12 &         4.423557e-01 &              4.295655e-02 &      2.379560e-10 &       1.000000e+00 &               1.708327e-35 &           8.715855e-02 &             1.000000e+00 &             1.000000e+00 &       2.326932e-01 &       1.000000e+00 &             4.010620e-01 &       3.641399e-08 \\
schreiber2017/mirex2017             &                         4.438416e-02 &                      4.062196e-05 &            2.970770e-12 &         4.423557e-01 &              4.295655e-02 &      2.379560e-10 &       1.000000e+00 &               1.708327e-35 &           8.715855e-02 &             1.000000e+00 &             1.000000e+00 &       2.326932e-01 &       1.000000e+00 &             4.010620e-01 &       3.641399e-08 \\
schreiber2018/cnn                   &                         4.513808e-01 &                      2.260598e-07 &            1.757257e-15 &         3.648340e-02 &              1.065766e-03 &      2.260150e-13 &       2.799562e-01 &               5.126188e-42 &           7.942727e-03 &             2.326932e-01 &             2.326932e-01 &       1.000000e+00 &       2.110236e-01 &             1.952047e-02 &       2.049515e-11 \\
schreiber2018/fcn                   &                         5.343881e-02 &                      3.356755e-05 &            5.560433e-11 &         4.270429e-01 &              4.295655e-02 &      3.586216e-10 &       1.000000e+00 &               6.095579e-36 &           2.288055e-01 &             1.000000e+00 &             1.000000e+00 &       2.110236e-01 &       1.000000e+00 &             3.916029e-01 &       1.235163e-07 \\
schreiber2018/ismir2018             &                         3.838266e-03 &                      7.570231e-04 &            6.375482e-10 &         8.936947e-01 &              2.370471e-01 &      8.577709e-09 &       3.019956e-01 &               2.756300e-33 &           7.754497e-01 &             4.010620e-01 &             4.010620e-01 &       1.952047e-02 &       3.916029e-01 &             1.000000e+00 &       8.501108e-06 \\
zplane/auftakt\_v3                   &                         3.175275e-12 &                      5.228167e-01 &            6.218006e-02 &         2.857379e-05 &              7.186137e-04 &      1.219167e-01 &       1.411467e-08 &               7.392918e-17 &           1.693583e-05 &             3.641399e-08 &             3.641399e-08 &       2.049515e-11 &       1.235163e-07 &             8.501108e-06 &       1.000000e+00 \\
\bottomrule
\end{tabular}
