\begin{tabular}{lrrrrrrrrrrrrrrr}
\toprule
{} &  boeck2015/tempodetector2016\_default &  davies2009/mirex\_qm\_tempotracker &  echonest/version\_3\_2\_1 &  gkiokas2012/default &  klapuri2006/percival2014 &  oliveira2010/ibt &  percival2014/stem &  scheirer1998/percival2014 &  schreiber2014/default &  schreiber2017/ismir2017 &  schreiber2017/mirex2017 &  schreiber2018/cnn &  schreiber2018/fcn &  schreiber2018/ismir2018 &  zplane/auftakt\_v3 \\
Estimator                           &                                      &                                   &                         &                      &                           &                   &                    &                            &                        &                          &                          &                    &                    &                          &                    \\
\midrule
boeck2015/tempodetector2016\_default &                         1.000000e+00 &                      3.055369e-13 &            9.764710e-04 &         7.117702e-02 &              2.748216e-01 &      1.048583e-04 &       1.321187e-12 &               4.070104e-02 &           1.235998e-12 &             9.890229e-02 &             1.407298e-02 &       1.837014e-02 &       2.475290e-04 &             7.333285e-01 &       2.601767e-01 \\
davies2009/mirex\_qm\_tempotracker    &                         3.055369e-13 &                      1.000000e+00 &            5.517935e-22 &         6.828377e-16 &              3.916316e-27 &      4.369476e-07 &       1.698428e-43 &               2.468906e-05 &           1.796522e-39 &             2.952734e-17 &             2.074713e-19 &       2.374756e-19 &       3.785852e-23 &             4.780437e-15 &       5.135691e-20 \\
echonest/version\_3\_2\_1              &                         9.764710e-04 &                      5.517935e-22 &            1.000000e+00 &         1.245562e-01 &              1.213451e-02 &      6.599022e-13 &       6.546508e-05 &               1.513075e-07 &           4.884553e-05 &             1.050631e-01 &             4.508560e-01 &       1.909881e-01 &       9.166720e-01 &             1.410453e-03 &       1.447020e-02 \\
gkiokas2012/default                 &                         7.117702e-02 &                      6.828377e-16 &            1.245562e-01 &         1.000000e+00 &              3.734412e-01 &      6.803341e-08 &       4.678699e-08 &               5.560391e-05 &           7.864539e-08 &             9.280132e-01 &             4.601006e-01 &       8.869560e-01 &       1.392040e-01 &             1.207083e-01 &       3.789988e-01 \\
klapuri2006/percival2014            &                         2.748216e-01 &                      3.916316e-27 &            1.213451e-02 &         3.734412e-01 &              1.000000e+00 &      3.088353e-15 &       1.992557e-15 &               6.787844e-04 &           2.817413e-12 &             3.996111e-01 &             8.417437e-02 &       2.874098e-01 &       1.229989e-02 &             3.514187e-01 &       9.923386e-01 \\
oliveira2010/ibt                    &                         1.048583e-04 &                      4.369476e-07 &            6.599022e-13 &         6.803341e-08 &              3.088353e-15 &      1.000000e+00 &       1.217352e-31 &               2.104832e-01 &           9.645077e-29 &             1.177887e-09 &             2.663368e-11 &       1.224730e-09 &       2.108156e-12 &             9.228832e-07 &       7.355078e-11 \\
percival2014/stem                   &                         1.321187e-12 &                      1.698428e-43 &            6.546508e-05 &         4.678699e-08 &              1.992557e-15 &      1.217352e-31 &       1.000000e+00 &               3.131493e-21 &           8.121302e-01 &             6.857205e-08 &             1.027033e-05 &       4.056033e-07 &       1.840626e-04 &             2.521091e-13 &       7.629046e-14 \\
scheirer1998/percival2014           &                         4.070104e-02 &                      2.468906e-05 &            1.513075e-07 &         5.560391e-05 &              6.787844e-04 &      2.104832e-01 &       3.131493e-21 &               1.000000e+00 &           1.353923e-18 &             1.310261e-04 &             5.428086e-06 &       6.362817e-05 &       2.938487e-07 &             1.160531e-02 &       7.750580e-04 \\
schreiber2014/default               &                         1.235998e-12 &                      1.796522e-39 &            4.884553e-05 &         7.864539e-08 &              2.817413e-12 &      9.645077e-29 &       8.121302e-01 &               1.353923e-18 &           1.000000e+00 &             6.047100e-08 &             5.220496e-06 &       3.157523e-07 &       1.485502e-04 &             1.604931e-14 &       1.470125e-11 \\
schreiber2017/ismir2017             &                         9.890229e-02 &                      2.952734e-17 &            1.050631e-01 &         9.280132e-01 &              3.996111e-01 &      1.177887e-09 &       6.857205e-08 &               1.310261e-04 &           6.047100e-08 &             1.000000e+00 &             1.787829e-02 &       8.079890e-01 &       1.228658e-01 &             1.222583e-01 &       4.297481e-01 \\
schreiber2017/mirex2017             &                         1.407298e-02 &                      2.074713e-19 &            4.508560e-01 &         4.601006e-01 &              8.417437e-02 &      2.663368e-11 &       1.027033e-05 &               5.428086e-06 &           5.220496e-06 &             1.787829e-02 &             1.000000e+00 &       5.325072e-01 &       4.682777e-01 &             1.540012e-02 &       1.064609e-01 \\
schreiber2018/cnn                   &                         1.837014e-02 &                      2.374756e-19 &            1.909881e-01 &         8.869560e-01 &              2.874098e-01 &      1.224730e-09 &       4.056033e-07 &               6.362817e-05 &           3.157523e-07 &             8.079890e-01 &             5.325072e-01 &       1.000000e+00 &       9.164289e-02 &             2.455199e-02 &       2.835267e-01 \\
schreiber2018/fcn                   &                         2.475290e-04 &                      3.785852e-23 &            9.166720e-01 &         1.392040e-01 &              1.229989e-02 &      2.108156e-12 &       1.840626e-04 &               2.938487e-07 &           1.485502e-04 &             1.228658e-01 &             4.682777e-01 &       9.164289e-02 &       1.000000e+00 &             2.066986e-04 &       1.455939e-02 \\
schreiber2018/ismir2018             &                         7.333285e-01 &                      4.780437e-15 &            1.410453e-03 &         1.207083e-01 &              3.514187e-01 &      9.228832e-07 &       2.521091e-13 &               1.160531e-02 &           1.604931e-14 &             1.222583e-01 &             1.540012e-02 &       2.455199e-02 &       2.066986e-04 &             1.000000e+00 &       3.777550e-01 \\
zplane/auftakt\_v3                   &                         2.601767e-01 &                      5.135691e-20 &            1.447020e-02 &         3.789988e-01 &              9.923386e-01 &      7.355078e-11 &       7.629046e-14 &               7.750580e-04 &           1.470125e-11 &             4.297481e-01 &             1.064609e-01 &       2.835267e-01 &       1.455939e-02 &             3.777550e-01 &       1.000000e+00 \\
\bottomrule
\end{tabular}
