\begin{tabular}{lrrrrrrrrrrrrrrr}
\toprule
{} &  boeck2015/tempodetector2016\_default &  davies2009/mirex\_qm\_tempotracker &  echonest/version\_3\_2\_1 &  gkiokas2012/default &  klapuri2006/percival2014 &  oliveira2010/ibt &  percival2014/stem &  scheirer1998/percival2014 &  schreiber2014/default &  schreiber2017/ismir2017 &  schreiber2017/mirex2017 &  schreiber2018/cnn &  schreiber2018/fcn &  schreiber2018/ismir2018 &  zplane/auftakt\_v3 \\
Estimator                           &                                      &                                   &                         &                      &                           &                   &                    &                            &                        &                          &                          &                    &                    &                          &                    \\
\midrule
boeck2015/tempodetector2016\_default &                         1.000000e+00 &                      3.810608e-09 &            1.015895e-02 &         1.744564e-01 &              7.212732e-03 &      5.202061e-04 &       6.176872e-01 &               1.211365e-04 &           3.475107e-04 &             3.016236e-02 &             4.464163e-02 &       8.893732e-02 &       4.936728e-02 &             9.308705e-02 &       4.199610e-04 \\
davies2009/mirex\_qm\_tempotracker    &                         3.810608e-09 &                      1.000000e+00 &            2.059793e-10 &         1.800026e-09 &              1.222400e-14 &      1.005127e-16 &       6.930683e-08 &               5.135506e-01 &           2.238872e-14 &             2.023024e-12 &             1.129293e-11 &       3.589619e-10 &       3.039344e-13 &             1.490573e-09 &       9.682229e-13 \\
echonest/version\_3\_2\_1              &                         1.015895e-02 &                      2.059793e-10 &            1.000000e+00 &         1.778708e-01 &              7.084791e-01 &      4.875224e-01 &       3.187102e-02 &               3.090976e-07 &           6.644563e-01 &             3.583857e-01 &             2.764695e-01 &       2.533115e-01 &       2.848900e-01 &             3.126437e-01 &       5.444173e-01 \\
gkiokas2012/default                 &                         1.744564e-01 &                      1.800026e-09 &            1.778708e-01 &         1.000000e+00 &              1.974006e-01 &      2.528280e-02 &       4.715970e-01 &               1.091518e-05 &           2.839983e-02 &             4.295358e-01 &             5.405116e-01 &       7.416385e-01 &       6.387594e-01 &             6.666333e-01 &       3.097481e-02 \\
klapuri2006/percival2014            &                         7.212732e-03 &                      1.222400e-14 &            7.084791e-01 &         1.974006e-01 &              1.000000e+00 &      1.883180e-01 &       4.505315e-02 &               2.200707e-07 &           3.512058e-01 &             5.201391e-01 &             4.116062e-01 &       3.435456e-01 &       3.585773e-01 &             4.594741e-01 &       2.687820e-01 \\
oliveira2010/ibt                    &                         5.202061e-04 &                      1.005127e-16 &            4.875224e-01 &         2.528280e-02 &              1.883180e-01 &      1.000000e+00 &       2.426787e-03 &               1.247117e-08 &           7.137011e-01 &             6.104184e-02 &             4.208894e-02 &       4.779135e-02 &       4.738341e-02 &             8.837356e-02 &       9.615581e-01 \\
percival2014/stem                   &                         6.176872e-01 &                      6.930683e-08 &            3.187102e-02 &         4.715970e-01 &              4.505315e-02 &      2.426787e-03 &       1.000000e+00 &               9.549100e-05 &           1.137950e-03 &             8.583954e-02 &             1.228294e-01 &       2.775070e-01 &       1.930778e-01 &             1.841219e-01 &       6.171055e-03 \\
scheirer1998/percival2014           &                         1.211365e-04 &                      5.135506e-01 &            3.090976e-07 &         1.091518e-05 &              2.200707e-07 &      1.247117e-08 &       9.549100e-05 &               1.000000e+00 &           9.491320e-09 &             1.002849e-06 &             1.887527e-06 &       7.745250e-06 &       2.312775e-06 &             1.008904e-05 &       3.362419e-08 \\
schreiber2014/default               &                         3.475107e-04 &                      2.238872e-14 &            6.644563e-01 &         2.839983e-02 &              3.512058e-01 &      7.137011e-01 &       1.137950e-03 &               9.491320e-09 &           1.000000e+00 &             2.931917e-02 &             1.191742e-02 &       4.961923e-02 &       6.187714e-02 &             9.106181e-02 &       7.572513e-01 \\
schreiber2017/ismir2017             &                         3.016236e-02 &                      2.023024e-12 &            3.583857e-01 &         4.295358e-01 &              5.201391e-01 &      6.104184e-02 &       8.583954e-02 &               1.002849e-06 &           2.931917e-02 &             1.000000e+00 &             3.175525e-01 &       6.341965e-01 &       7.215695e-01 &             8.183849e-01 &       7.982261e-02 \\
schreiber2017/mirex2017             &                         4.464163e-02 &                      1.129293e-11 &            2.764695e-01 &         5.405116e-01 &              4.116062e-01 &      4.208894e-02 &       1.228294e-01 &               1.887527e-06 &           1.191742e-02 &             3.175525e-01 &             1.000000e+00 &       7.823826e-01 &       8.931643e-01 &             9.637226e-01 &       5.853405e-02 \\
schreiber2018/cnn                   &                         8.893732e-02 &                      3.589619e-10 &            2.533115e-01 &         7.416385e-01 &              3.435456e-01 &      4.779135e-02 &       2.775070e-01 &               7.745250e-06 &           4.961923e-02 &             6.341965e-01 &             7.823826e-01 &       1.000000e+00 &       8.651687e-01 &             8.606953e-01 &       5.077543e-02 \\
schreiber2018/fcn                   &                         4.936728e-02 &                      3.039344e-13 &            2.848900e-01 &         6.387594e-01 &              3.585773e-01 &      4.738341e-02 &       1.930778e-01 &               2.312775e-06 &           6.187714e-02 &             7.215695e-01 &             8.931643e-01 &       8.651687e-01 &       1.000000e+00 &             9.519027e-01 &       6.641665e-02 \\
schreiber2018/ismir2018             &                         9.308705e-02 &                      1.490573e-09 &            3.126437e-01 &         6.666333e-01 &              4.594741e-01 &      8.837356e-02 &       1.841219e-01 &               1.008904e-05 &           9.106181e-02 &             8.183849e-01 &             9.637226e-01 &       8.606953e-01 &       9.519027e-01 &             1.000000e+00 &       1.055137e-01 \\
zplane/auftakt\_v3                   &                         4.199610e-04 &                      9.682229e-13 &            5.444173e-01 &         3.097481e-02 &              2.687820e-01 &      9.615581e-01 &       6.171055e-03 &               3.362419e-08 &           7.572513e-01 &             7.982261e-02 &             5.853405e-02 &       5.077543e-02 &       6.641665e-02 &             1.055137e-01 &       1.000000e+00 \\
\bottomrule
\end{tabular}
