\begin{tabular}{lrrrrrrrrrrrrrrr}
\toprule
{} &  boeck2015/tempodetector2016\_default &  davies2009/mirex\_qm\_tempotracker &  echonest/version\_3\_2\_1 &  gkiokas2012/default &  klapuri2006/percival2014 &  oliveira2010/ibt &  percival2014/stem &  scheirer1998/percival2014 &  schreiber2014/default &  schreiber2017/ismir2017 &  schreiber2017/mirex2017 &  schreiber2018/cnn &  schreiber2018/fcn &  schreiber2018/ismir2018 &  zplane/auftakt\_v3 \\
Estimator                           &                                      &                                   &                         &                      &                           &                   &                    &                            &                        &                          &                          &                    &                    &                          &                    \\
\midrule
boeck2015/tempodetector2016\_default &                         1.000000e+00 &                      4.772430e-07 &            3.330719e-02 &         3.765589e-02 &                  0.002003 &      2.557924e-06 &       2.638703e-01 &               1.185657e-11 &           2.194214e-03 &             2.177139e-02 &             2.177139e-02 &       1.347184e-03 &       1.243429e-01 &             6.900158e-03 &           0.000221 \\
davies2009/mirex\_qm\_tempotracker    &                         4.772430e-07 &                      1.000000e+00 &            1.162338e-03 &         1.383072e-03 &                  0.133709 &      1.111916e-01 &       7.768505e-07 &               1.386721e-05 &           4.585685e-02 &             2.055133e-02 &             2.055133e-02 &       2.308791e-01 &       1.082477e-03 &             3.146529e-02 &           0.851015 \\
echonest/version\_3\_2\_1              &                         3.330719e-02 &                      1.162338e-03 &            1.000000e+00 &         8.508424e-01 &                  0.181271 &      4.420975e-04 &       2.386412e-01 &               7.687575e-09 &           6.387695e-01 &             8.858575e-01 &             8.858575e-01 &       2.052362e-01 &       4.818842e-01 &             7.165516e-01 &           0.048062 \\
gkiokas2012/default                 &                         3.765589e-02 &                      1.383072e-03 &            8.508424e-01 &         1.000000e+00 &                  0.195874 &      2.525274e-04 &       2.470573e-01 &               1.987140e-09 &           6.076083e-01 &             8.008911e-01 &             8.008910e-01 &       1.436540e-01 &       5.160119e-01 &             4.904718e-01 &           0.029842 \\
klapuri2006/percival2014            &                         2.003208e-03 &                      1.337088e-01 &            1.812707e-01 &         1.958740e-01 &                  1.000000 &      9.873286e-03 &       3.388295e-02 &               2.566384e-06 &           5.104501e-01 &             3.085391e-01 &             3.085391e-01 &       9.205203e-01 &       8.233832e-02 &             5.723624e-01 &           0.375655 \\
oliveira2010/ibt                    &                         2.557924e-06 &                      1.111916e-01 &            4.420975e-04 &         2.525274e-04 &                  0.009873 &      1.000000e+00 &       3.045334e-07 &               2.019788e-03 &           6.968074e-03 &             5.529382e-04 &             5.529384e-04 &       1.787268e-02 &       5.274056e-04 &             1.731869e-03 &           0.153605 \\
percival2014/stem                   &                         2.638703e-01 &                      7.768505e-07 &            2.386412e-01 &         2.470573e-01 &                  0.033883 &      3.045334e-07 &       1.000000e+00 &               3.214470e-11 &           1.045220e-01 &             1.973969e-01 &             1.973969e-01 &       1.254897e-03 &       6.253972e-01 &             3.300991e-02 &           0.001104 \\
scheirer1998/percival2014           &                         1.185657e-11 &                      1.386721e-05 &            7.687575e-09 &         1.987140e-09 &                  0.000003 &      2.019788e-03 &       3.214470e-11 &               1.000000e+00 &           3.946980e-07 &             7.593461e-08 &             7.593464e-08 &       4.503959e-07 &       6.862081e-10 &             4.058855e-08 &           0.000012 \\
schreiber2014/default               &                         2.194214e-03 &                      4.585685e-02 &            6.387695e-01 &         6.076083e-01 &                  0.510450 &      6.968074e-03 &       1.045220e-01 &               3.946980e-07 &           1.000000e+00 &             7.794056e-01 &             7.794057e-01 &       4.186827e-01 &       2.328137e-01 &             9.390529e-01 &           0.134565 \\
schreiber2017/ismir2017             &                         2.177139e-02 &                      2.055133e-02 &            8.858575e-01 &         8.008911e-01 &                  0.308539 &      5.529382e-04 &       1.973969e-01 &               7.593461e-08 &           7.794056e-01 &             1.000000e+00 &             1.652336e-01 &       3.041481e-01 &       4.528191e-01 &             7.279373e-01 &           0.045186 \\
schreiber2017/mirex2017             &                         2.177139e-02 &                      2.055133e-02 &            8.858575e-01 &         8.008910e-01 &                  0.308539 &      5.529384e-04 &       1.973969e-01 &               7.593464e-08 &           7.794057e-01 &             1.652336e-01 &             1.000000e+00 &       3.041482e-01 &       4.528190e-01 &             7.279374e-01 &           0.045186 \\
schreiber2018/cnn                   &                         1.347184e-03 &                      2.308791e-01 &            2.052362e-01 &         1.436540e-01 &                  0.920520 &      1.787268e-02 &       1.254897e-03 &               4.503959e-07 &           4.186827e-01 &             3.041481e-01 &             3.041482e-01 &       1.000000e+00 &       4.855280e-02 &             2.728964e-01 &           0.314791 \\
schreiber2018/fcn                   &                         1.243429e-01 &                      1.082477e-03 &            4.818842e-01 &         5.160119e-01 &                  0.082338 &      5.274056e-04 &       6.253972e-01 &               6.862081e-10 &           2.328137e-01 &             4.528191e-01 &             4.528190e-01 &       4.855280e-02 &       1.000000e+00 &             1.933633e-01 &           0.008132 \\
schreiber2018/ismir2018             &                         6.900158e-03 &                      3.146529e-02 &            7.165516e-01 &         4.904718e-01 &                  0.572362 &      1.731869e-03 &       3.300991e-02 &               4.058855e-08 &           9.390529e-01 &             7.279373e-01 &             7.279374e-01 &       2.728964e-01 &       1.933633e-01 &             1.000000e+00 &           0.083284 \\
zplane/auftakt\_v3                   &                         2.209701e-04 &                      8.510152e-01 &            4.806234e-02 &         2.984236e-02 &                  0.375655 &      1.536055e-01 &       1.104135e-03 &               1.190452e-05 &           1.345651e-01 &             4.518616e-02 &             4.518617e-02 &       3.147914e-01 &       8.131802e-03 &             8.328386e-02 &           1.000000 \\
\bottomrule
\end{tabular}
