\begin{tabular}{lrrrrrrrrrrrrrrrrrr}
\toprule
{} &  boeck2015/tempodetector2016\_default &  boeck2019/multi\_task &  boeck2019/multi\_task\_hjdb &  boeck2020/dar &  davies2009/mirex\_qm\_tempotracker &  echonest/version\_3\_2\_1 &  gkiokas2012/default &  klapuri2006/percival2014 &  oliveira2010/ibt &  percival2014/stem &  scheirer1998/percival2014 &  schreiber2014/default &  schreiber2017/ismir2017 &  schreiber2017/mirex2017 &  schreiber2018/cnn &  schreiber2018/fcn &  schreiber2018/ismir2018 &  zplane/auftakt\_v3 \\
Estimator                           &                                      &                       &                            &                &                                   &                         &                      &                           &                   &                    &                            &                        &                          &                          &                    &                    &                          &                    \\
\midrule
boeck2015/tempodetector2016\_default &                         1.000000e+00 &          5.937756e-01 &               7.671836e-01 &   4.305606e-01 &                      8.247454e-09 &            8.554562e-07 &         9.913246e-01 &              6.767947e-02 &      2.599908e-03 &       3.406723e-02 &               4.576353e-01 &           1.071192e-05 &             1.528315e-02 &             1.845632e-03 &       2.080689e-02 &       2.877744e-01 &             6.249697e-02 &       6.677233e-01 \\
boeck2019/multi\_task                &                         5.937756e-01 &          1.000000e+00 &               7.486223e-01 &   7.762241e-01 &                      4.274398e-07 &            9.300171e-09 &         7.105429e-01 &              1.644233e-01 &      9.648509e-03 &       6.328405e-03 &               2.050294e-01 &           1.312935e-06 &             7.847716e-04 &             1.243097e-04 &       7.452166e-02 &       5.399069e-01 &             1.977913e-01 &       9.777353e-01 \\
boeck2019/multi\_task\_hjdb           &                         7.671836e-01 &          7.486223e-01 &               1.000000e+00 &   5.725436e-01 &                      1.033736e-07 &            3.292349e-08 &         8.269447e-01 &              1.138920e-01 &      4.747292e-03 &       1.144704e-02 &               2.685410e-01 &           3.593950e-06 &             2.644346e-03 &             1.471725e-04 &       3.927923e-02 &       4.422091e-01 &             1.234946e-01 &       8.561370e-01 \\
boeck2020/dar                       &                         4.305606e-01 &          7.762241e-01 &               5.725436e-01 &   1.000000e+00 &                      3.871470e-06 &            1.857840e-08 &         5.986644e-01 &              3.077588e-01 &      4.738647e-02 &       8.792099e-03 &               1.971397e-01 &           1.912691e-06 &             1.159369e-03 &             1.243233e-04 &       1.351237e-01 &       7.190859e-01 &             3.434777e-01 &       8.131518e-01 \\
davies2009/mirex\_qm\_tempotracker    &                         8.247454e-09 &          4.274398e-07 &               1.033736e-07 &   3.871470e-06 &                      1.000000e+00 &            1.322686e-19 &         1.598084e-09 &              8.923666e-11 &      1.095253e-07 &       2.629881e-17 &               2.355781e-11 &           5.895543e-21 &             1.063125e-13 &             8.797453e-13 &       1.585496e-05 &       3.248443e-06 &             2.529554e-07 &       1.096589e-11 \\
echonest/version\_3\_2\_1              &                         8.554562e-07 &          9.300171e-09 &               3.292349e-08 &   1.857840e-08 &                      1.322686e-19 &            1.000000e+00 &         6.436659e-06 &              1.926858e-11 &      2.447387e-14 &       7.167272e-04 &               1.048101e-03 &           2.335380e-01 &             9.973917e-04 &             4.880561e-02 &       3.059369e-12 &       1.708948e-08 &             2.601681e-10 &       4.226157e-08 \\
gkiokas2012/default                 &                         9.913246e-01 &          7.105429e-01 &               8.269447e-01 &   5.986644e-01 &                      1.598084e-09 &            6.436659e-06 &         1.000000e+00 &              4.947428e-02 &      7.194534e-03 &       3.548924e-02 &               3.517126e-01 &           2.337339e-05 &             4.661882e-02 &             1.189035e-02 &       8.386960e-02 &       3.556635e-01 &             2.169841e-01 &       6.673898e-01 \\
klapuri2006/percival2014            &                         6.767947e-02 &          1.644233e-01 &               1.138920e-01 &   3.077588e-01 &                      8.923666e-11 &            1.926858e-11 &         4.947428e-02 &              1.000000e+00 &      1.107244e-01 &       2.529316e-07 &               4.743849e-03 &           1.338326e-11 &             3.466515e-05 &             6.222682e-06 &       8.963905e-01 &       4.430278e-01 &             6.347952e-01 &       6.206467e-02 \\
oliveira2010/ibt                    &                         2.599908e-03 &          9.648509e-03 &               4.747292e-03 &   4.738647e-02 &                      1.095253e-07 &            2.447387e-14 &         7.194534e-03 &              1.107244e-01 &      1.000000e+00 &       1.009295e-09 &               9.304234e-05 &           9.304008e-14 &             4.835904e-08 &             1.402669e-08 &       3.292143e-01 &       8.261243e-02 &             8.087944e-02 &       9.767293e-04 \\
percival2014/stem                   &                         3.406723e-02 &          6.328405e-03 &               1.144704e-02 &   8.792099e-03 &                      2.629881e-17 &            7.167272e-04 &         3.548924e-02 &              2.529316e-07 &      1.009295e-09 &       1.000000e+00 &               3.063504e-01 &           7.491957e-03 &             7.640203e-01 &             1.999754e-01 &       2.401174e-05 &       1.852921e-03 &             4.209399e-05 &       1.487563e-03 \\
scheirer1998/percival2014           &                         4.576353e-01 &          2.050294e-01 &               2.685410e-01 &   1.971397e-01 &                      2.355781e-11 &            1.048101e-03 &         3.517126e-01 &              4.743849e-03 &      9.304234e-05 &       3.063504e-01 &               1.000000e+00 &           5.788480e-03 &             2.376328e-01 &             5.913204e-02 &       7.789924e-03 &       1.425339e-01 &             3.481593e-02 &       1.864311e-01 \\
schreiber2014/default               &                         1.071192e-05 &          1.312935e-06 &               3.593950e-06 &   1.912691e-06 &                      5.895543e-21 &            2.335380e-01 &         2.337339e-05 &              1.338326e-11 &      9.304008e-14 &       7.491957e-03 &               5.788480e-03 &           1.000000e+00 &             3.500482e-02 &             4.503909e-01 &       1.327366e-11 &       4.557701e-07 &             5.426997e-10 &       6.202869e-08 \\
schreiber2017/ismir2017             &                         1.528315e-02 &          7.847716e-04 &               2.644346e-03 &   1.159369e-03 &                      1.063125e-13 &            9.973917e-04 &         4.661882e-02 &              3.466515e-05 &      4.835904e-08 &       7.640203e-01 &               2.376328e-01 &           3.500482e-02 &             1.000000e+00 &             1.374233e-01 &       5.379472e-06 &       8.413695e-04 &             2.388377e-05 &       3.456735e-03 \\
schreiber2017/mirex2017             &                         1.845632e-03 &          1.243097e-04 &               1.471725e-04 &   1.243233e-04 &                      8.797453e-13 &            4.880561e-02 &         1.189035e-02 &              6.222682e-06 &      1.402669e-08 &       1.999754e-01 &               5.913204e-02 &           4.503909e-01 &             1.374233e-01 &             1.000000e+00 &       1.411158e-07 &       5.670915e-05 &             3.007095e-06 &       3.591427e-04 \\
schreiber2018/cnn                   &                         2.080689e-02 &          7.452166e-02 &               3.927923e-02 &   1.351237e-01 &                      1.585496e-05 &            3.059369e-12 &         8.386960e-02 &              8.963905e-01 &      3.292143e-01 &       2.401174e-05 &               7.789924e-03 &           1.327366e-11 &             5.379472e-06 &             1.411158e-07 &       1.000000e+00 &       2.661435e-01 &             4.332753e-01 &       1.130356e-01 \\
schreiber2018/fcn                   &                         2.877744e-01 &          5.399069e-01 &               4.422091e-01 &   7.190859e-01 &                      3.248443e-06 &            1.708948e-08 &         3.556635e-01 &              4.430278e-01 &      8.261243e-02 &       1.852921e-03 &               1.425339e-01 &           4.557701e-07 &             8.413695e-04 &             5.670915e-05 &       2.661435e-01 &       1.000000e+00 &             6.005214e-01 &       5.286590e-01 \\
schreiber2018/ismir2018             &                         6.249697e-02 &          1.977913e-01 &               1.234946e-01 &   3.434777e-01 &                      2.529554e-07 &            2.601681e-10 &         2.169841e-01 &              6.347952e-01 &      8.087944e-02 &       4.209399e-05 &               3.481593e-02 &           5.426997e-10 &             2.388377e-05 &             3.007095e-06 &       4.332753e-01 &       6.005214e-01 &             1.000000e+00 &       2.160883e-01 \\
zplane/auftakt\_v3                   &                         6.677233e-01 &          9.777353e-01 &               8.561370e-01 &   8.131518e-01 &                      1.096589e-11 &            4.226157e-08 &         6.673898e-01 &              6.206467e-02 &      9.767293e-04 &       1.487563e-03 &               1.864311e-01 &           6.202869e-08 &             3.456735e-03 &             3.591427e-04 &       1.130356e-01 &       5.286590e-01 &             2.160883e-01 &       1.000000e+00 \\
\bottomrule
\end{tabular}
