\begin{tabular}{lrrrrrrrrrrrrrrrrrr}
\toprule
{} &  boeck2015/tempodetector2016\_default &  boeck2019/multi\_task &  boeck2019/multi\_task\_hjdb &  boeck2020/dar &  davies2009/mirex\_qm\_tempotracker &  echonest/version\_3\_2\_1 &  gkiokas2012/default &  klapuri2006/percival2014 &  oliveira2010/ibt &  percival2014/stem &  scheirer1998/percival2014 &  schreiber2014/default &  schreiber2017/ismir2017 &  schreiber2017/mirex2017 &  schreiber2018/cnn &  schreiber2018/fcn &  schreiber2018/ismir2018 &  zplane/auftakt\_v3 \\
Estimator                           &                                      &                       &                            &                &                                   &                         &                      &                           &                   &                    &                            &                        &                          &                          &                    &                    &                          &                    \\
\midrule
boeck2015/tempodetector2016\_default &                         1.000000e+00 &          6.391466e-02 &               1.849333e-01 &   8.505540e-01 &                      7.172697e-04 &            1.616381e-07 &         3.085036e-08 &              3.845912e-05 &      1.564172e-04 &       3.388828e-06 &               9.578736e-19 &           6.240408e-07 &             4.125759e-05 &             1.060447e-04 &       7.915897e-03 &       2.753316e-02 &             3.508203e-02 &       3.388828e-06 \\
boeck2019/multi\_task                &                         6.391466e-02 &          1.000000e+00 &               7.905273e-01 &   1.686375e-01 &                      4.355852e-02 &            1.345141e-04 &         5.778372e-05 &              6.608823e-03 &      1.658900e-02 &       1.088538e-03 &               1.849366e-15 &           7.172697e-04 &             1.667385e-02 &             1.952047e-02 &       2.681873e-01 &       5.423840e-01 &             7.283325e-01 &       1.088538e-03 \\
boeck2019/multi\_task\_hjdb           &                         1.849333e-01 &          7.905273e-01 &               1.000000e+00 &   3.074563e-01 &                      1.385297e-02 &            4.223705e-05 &         5.378318e-06 &              1.913961e-03 &      6.426576e-03 &       4.697573e-04 &               5.396645e-16 &           4.095415e-04 &             9.475304e-03 &             7.915897e-03 &       1.324982e-01 &       3.603777e-01 &             4.731297e-01 &       2.470878e-04 \\
boeck2020/dar                       &                         8.505540e-01 &          1.686375e-01 &               3.074563e-01 &   1.000000e+00 &                      2.602171e-03 &            1.880962e-06 &         2.775637e-07 &              1.980395e-04 &      9.362229e-04 &       2.247559e-05 &               1.383850e-16 &           2.087657e-05 &             6.061066e-04 &             3.881309e-04 &       1.133098e-02 &       5.958389e-02 &             8.014331e-02 &       1.473772e-05 \\
davies2009/mirex\_qm\_tempotracker    &                         7.172697e-04 &          4.355852e-02 &               1.385297e-02 &   2.602171e-03 &                      1.000000e+00 &            5.189390e-02 &         9.559879e-03 &              3.833103e-01 &      8.036194e-01 &       1.877416e-01 &               2.383493e-11 &           2.288055e-01 &             1.000000e+00 &             8.746293e-01 &       4.050322e-01 &       2.429602e-01 &             6.142835e-02 &       1.220781e-01 \\
echonest/version\_3\_2\_1              &                         1.616381e-07 &          1.345141e-04 &               4.223705e-05 &   1.880962e-06 &                      5.189390e-02 &            1.000000e+00 &         8.746293e-01 &              1.438651e-01 &      7.590473e-02 &       3.488889e-01 &               2.568720e-05 &           4.613912e-01 &             3.569780e-02 &             5.946338e-02 &       3.838266e-03 &       4.697573e-04 &             3.552811e-04 &       3.916029e-01 \\
gkiokas2012/default                 &                         3.085036e-08 &          5.778372e-05 &               5.378318e-06 &   2.775637e-07 &                      9.559879e-03 &            8.746293e-01 &         1.000000e+00 &              4.703103e-02 &      2.262884e-02 &       1.877416e-01 &               4.453449e-05 &           3.019956e-01 &             2.129411e-02 &             2.589608e-02 &       5.355851e-04 &       1.419707e-04 &             5.703812e-05 &       2.220528e-01 \\
klapuri2006/percival2014            &                         3.845912e-05 &          6.608823e-03 &               1.913961e-03 &   1.980395e-04 &                      3.833103e-01 &            1.438651e-01 &         4.703103e-02 &              1.000000e+00 &      6.476059e-01 &       5.412562e-01 &               4.042104e-09 &           5.514843e-01 &             6.358280e-01 &             7.492586e-01 &       8.953108e-02 &       4.355852e-02 &             3.719166e-03 &       5.571971e-01 \\
oliveira2010/ibt                    &                         1.564172e-04 &          1.658900e-02 &               6.426576e-03 &   9.362229e-04 &                      8.036194e-01 &            7.590473e-02 &         2.262884e-02 &              6.476059e-01 &      1.000000e+00 &       3.105047e-01 &               7.638141e-11 &           3.496820e-01 &             1.000000e+00 &             1.000000e+00 &       2.153271e-01 &       1.262895e-01 &             2.411954e-02 &       2.477886e-01 \\
percival2014/stem                   &                         3.388828e-06 &          1.088538e-03 &               4.697573e-04 &   2.247559e-05 &                      1.877416e-01 &            3.488889e-01 &         1.877416e-01 &              5.412562e-01 &      3.105047e-01 &       1.000000e+00 &               1.802802e-08 &           1.000000e+00 &             2.294810e-01 &             3.105047e-01 &       3.153950e-02 &       7.915897e-03 &             2.221434e-03 &       1.000000e+00 \\
scheirer1998/percival2014           &                         9.578736e-19 &          1.849366e-15 &               5.396645e-16 &   1.383850e-16 &                      2.383493e-11 &            2.568720e-05 &         4.453449e-05 &              4.042104e-09 &      7.638141e-11 &       1.802802e-08 &               1.000000e+00 &           9.674891e-07 &             1.639569e-11 &             2.972585e-11 &       1.807741e-12 &       1.799344e-12 &             3.524569e-14 &       1.802802e-08 \\
schreiber2014/default               &                         6.240408e-07 &          7.172697e-04 &               4.095415e-04 &   2.087657e-05 &                      2.288055e-01 &            4.613912e-01 &         3.019956e-01 &              5.514843e-01 &      3.496820e-01 &       1.000000e+00 &               9.674891e-07 &           1.000000e+00 &             1.877416e-01 &             2.429850e-01 &       3.283914e-02 &       1.097356e-02 &             4.601310e-03 &       1.000000e+00 \\
schreiber2017/ismir2017             &                         4.125759e-05 &          1.667385e-02 &               9.475304e-03 &   6.061066e-04 &                      1.000000e+00 &            3.569780e-02 &         2.129411e-02 &              6.358280e-01 &      1.000000e+00 &       2.294810e-01 &               1.639569e-11 &           1.877416e-01 &             1.000000e+00 &             1.000000e+00 &       3.603777e-01 &       1.641494e-01 &             6.524534e-02 &       2.799562e-01 \\
schreiber2017/mirex2017             &                         1.060447e-04 &          1.952047e-02 &               7.915897e-03 &   3.881309e-04 &                      8.746293e-01 &            5.946338e-02 &         2.589608e-02 &              7.492586e-01 &      1.000000e+00 &       3.105047e-01 &               2.972585e-11 &           2.429850e-01 &             1.000000e+00 &             1.000000e+00 &       2.558751e-01 &       9.887175e-02 &             4.703103e-02 &       3.105047e-01 \\
schreiber2018/cnn                   &                         7.915897e-03 &          2.681873e-01 &               1.324982e-01 &   1.133098e-02 &                      4.050322e-01 &            3.838266e-03 &         5.355851e-04 &              8.953108e-02 &      2.153271e-01 &       3.153950e-02 &               1.807741e-12 &           3.283914e-02 &             3.603777e-01 &             2.558751e-01 &       1.000000e+00 &       6.900380e-01 &             4.048729e-01 &       2.753316e-02 \\
schreiber2018/fcn                   &                         2.753316e-02 &          5.423840e-01 &               3.603777e-01 &   5.958389e-02 &                      2.429602e-01 &            4.697573e-04 &         1.419707e-04 &              4.355852e-02 &      1.262895e-01 &       7.915897e-03 &               1.799344e-12 &           1.097356e-02 &             1.641494e-01 &             9.887175e-02 &       6.900380e-01 &       1.000000e+00 &             8.450190e-01 &       7.915897e-03 \\
schreiber2018/ismir2018             &                         3.508203e-02 &          7.283325e-01 &               4.731297e-01 &   8.014331e-02 &                      6.142835e-02 &            3.552811e-04 &         5.703812e-05 &              3.719166e-03 &      2.411954e-02 &       2.221434e-03 &               3.524569e-14 &           4.601310e-03 &             6.524534e-02 &             4.703103e-02 &       4.048729e-01 &       8.450190e-01 &             1.000000e+00 &       5.350527e-04 \\
zplane/auftakt\_v3                   &                         3.388828e-06 &          1.088538e-03 &               2.470878e-04 &   1.473772e-05 &                      1.220781e-01 &            3.916029e-01 &         2.220528e-01 &              5.571971e-01 &      2.477886e-01 &       1.000000e+00 &               1.802802e-08 &           1.000000e+00 &             2.799562e-01 &             3.105047e-01 &       2.753316e-02 &       7.915897e-03 &             5.350527e-04 &       1.000000e+00 \\
\bottomrule
\end{tabular}
