\begin{tabular}{lrrrrrrrrrrrrrrrrrr}
\toprule
{} &  boeck2015/tempodetector2016\_default &  boeck2019/multi\_task &  boeck2019/multi\_task\_hjdb &  boeck2020/dar &  davies2009/mirex\_qm\_tempotracker &  echonest/version\_3\_2\_1 &  gkiokas2012/default &  klapuri2006/percival2014 &  oliveira2010/ibt &  percival2014/stem &  scheirer1998/percival2014 &  schreiber2014/default &  schreiber2017/ismir2017 &  schreiber2017/mirex2017 &  schreiber2018/cnn &  schreiber2018/fcn &  schreiber2018/ismir2018 &  zplane/auftakt\_v3 \\
Estimator                           &                                      &                       &                            &                &                                   &                         &                      &                           &                   &                    &                            &                        &                          &                          &                    &                    &                          &                    \\
\midrule
boeck2015/tempodetector2016\_default &                         1.000000e+00 &          9.840309e-01 &               8.485104e-01 &   6.922506e-01 &                      4.772430e-07 &            3.330719e-02 &         3.765589e-02 &                  0.002003 &      2.557924e-06 &       2.638703e-01 &               1.185657e-11 &           2.194214e-03 &             1.747791e-02 &             3.399608e-02 &       1.347184e-03 &       1.243429e-01 &             6.900158e-03 &           0.000221 \\
boeck2019/multi\_task                &                         9.840309e-01 &          1.000000e+00 &               8.620850e-01 &   8.305224e-01 &                      7.912804e-06 &            1.199890e-02 &         3.627424e-02 &                  0.005547 &      1.414067e-06 &       3.522433e-01 &               3.559721e-11 &           1.237805e-02 &             8.830475e-03 &             4.109044e-02 &       2.165659e-03 &       1.500487e-01 &             4.014253e-03 &           0.000289 \\
boeck2019/multi\_task\_hjdb           &                         8.485104e-01 &          8.620850e-01 &               1.000000e+00 &   6.845704e-01 &                      3.531758e-06 &            5.857001e-02 &         6.370870e-02 &                  0.004652 &      3.923525e-06 &       3.818671e-01 &               2.678431e-11 &           9.774154e-03 &             2.199026e-02 &             4.946320e-02 &       4.174638e-03 &       1.882226e-01 &             1.558966e-02 &           0.000567 \\
boeck2020/dar                       &                         6.922506e-01 &          8.305224e-01 &               6.845704e-01 &   1.000000e+00 &                      6.231670e-07 &            2.414673e-02 &         3.111453e-02 &                  0.001866 &      2.381948e-06 &       2.248563e-01 &               5.765373e-12 &           1.066339e-03 &             1.730803e-02 &             2.597890e-02 &       1.098876e-03 &       1.216266e-01 &             4.112589e-03 &           0.000114 \\
davies2009/mirex\_qm\_tempotracker    &                         4.772430e-07 &          7.912804e-06 &               3.531758e-06 &   6.231670e-07 &                      1.000000e+00 &            1.162338e-03 &         1.383072e-03 &                  0.133709 &      1.111916e-01 &       7.768505e-07 &               1.386721e-05 &           4.585685e-02 &             5.322962e-03 &             1.667821e-02 &       2.308791e-01 &       1.082477e-03 &             3.146529e-02 &           0.851015 \\
echonest/version\_3\_2\_1              &                         3.330719e-02 &          1.199890e-02 &               5.857001e-02 &   2.414673e-02 &                      1.162338e-03 &            1.000000e+00 &         8.508424e-01 &                  0.181271 &      4.420975e-04 &       2.386412e-01 &               7.687575e-09 &           6.387695e-01 &             8.435552e-01 &             9.852236e-01 &       2.052362e-01 &       4.818842e-01 &             7.165516e-01 &           0.048062 \\
gkiokas2012/default                 &                         3.765589e-02 &          3.627424e-02 &               6.370870e-02 &   3.111453e-02 &                      1.383072e-03 &            8.508424e-01 &         1.000000e+00 &                  0.195874 &      2.525274e-04 &       2.470573e-01 &               1.987140e-09 &           6.076083e-01 &             8.728203e-01 &             9.131823e-01 &       1.436540e-01 &       5.160119e-01 &             4.904718e-01 &           0.029842 \\
klapuri2006/percival2014            &                         2.003208e-03 &          5.547312e-03 &               4.651658e-03 &   1.866373e-03 &                      1.337088e-01 &            1.812707e-01 &         1.958740e-01 &                  1.000000 &      9.873286e-03 &       3.388295e-02 &               2.566384e-06 &           5.104501e-01 &             2.604387e-01 &             2.408487e-01 &       9.205203e-01 &       8.233832e-02 &             5.723624e-01 &           0.375655 \\
oliveira2010/ibt                    &                         2.557924e-06 &          1.414067e-06 &               3.923525e-06 &   2.381948e-06 &                      1.111916e-01 &            4.420975e-04 &         2.525274e-04 &                  0.009873 &      1.000000e+00 &       3.045334e-07 &               2.019788e-03 &           6.968074e-03 &             1.952236e-04 &             4.692375e-04 &       1.787268e-02 &       5.274056e-04 &             1.731869e-03 &           0.153605 \\
percival2014/stem                   &                         2.638703e-01 &          3.522433e-01 &               3.818671e-01 &   2.248563e-01 &                      7.768505e-07 &            2.386412e-01 &         2.470573e-01 &                  0.033883 &      3.045334e-07 &       1.000000e+00 &               3.214470e-11 &           1.045220e-01 &             1.919523e-01 &             2.565184e-01 &       1.254897e-03 &       6.253972e-01 &             3.300991e-02 &           0.001104 \\
scheirer1998/percival2014           &                         1.185657e-11 &          3.559721e-11 &               2.678431e-11 &   5.765373e-12 &                      1.386721e-05 &            7.687575e-09 &         1.987140e-09 &                  0.000003 &      2.019788e-03 &       3.214470e-11 &               1.000000e+00 &           3.946980e-07 &             1.277259e-08 &             5.033086e-08 &       4.503959e-07 &       6.862081e-10 &             4.058855e-08 &           0.000012 \\
schreiber2014/default               &                         2.194214e-03 &          1.237805e-02 &               9.774154e-03 &   1.066339e-03 &                      4.585685e-02 &            6.387695e-01 &         6.076083e-01 &                  0.510450 &      6.968074e-03 &       1.045220e-01 &               3.946980e-07 &           1.000000e+00 &             6.984140e-01 &             6.623423e-01 &       4.186827e-01 &       2.328137e-01 &             9.390529e-01 &           0.134565 \\
schreiber2017/ismir2017             &                         1.747791e-02 &          8.830475e-03 &               2.199026e-02 &   1.730803e-02 &                      5.322962e-03 &            8.435552e-01 &         8.728203e-01 &                  0.260439 &      1.952236e-04 &       1.919523e-01 &               1.277259e-08 &           6.984140e-01 &             1.000000e+00 &             9.652987e-01 &       2.304026e-01 &       4.808375e-01 &             5.830766e-01 &           0.035543 \\
schreiber2017/mirex2017             &                         3.399608e-02 &          4.109044e-02 &               4.946320e-02 &   2.597890e-02 &                      1.667821e-02 &            9.852236e-01 &         9.131823e-01 &                  0.240849 &      4.692375e-04 &       2.565184e-01 &               5.033086e-08 &           6.623423e-01 &             9.652987e-01 &             1.000000e+00 &       2.400964e-01 &       5.415886e-01 &             6.197090e-01 &           0.035045 \\
schreiber2018/cnn                   &                         1.347184e-03 &          2.165659e-03 &               4.174638e-03 &   1.098876e-03 &                      2.308791e-01 &            2.052362e-01 &         1.436540e-01 &                  0.920520 &      1.787268e-02 &       1.254897e-03 &               4.503959e-07 &           4.186827e-01 &             2.304026e-01 &             2.400964e-01 &       1.000000e+00 &       4.855280e-02 &             2.728964e-01 &           0.314791 \\
schreiber2018/fcn                   &                         1.243429e-01 &          1.500487e-01 &               1.882226e-01 &   1.216266e-01 &                      1.082477e-03 &            4.818842e-01 &         5.160119e-01 &                  0.082338 &      5.274056e-04 &       6.253972e-01 &               6.862081e-10 &           2.328137e-01 &             4.808375e-01 &             5.415886e-01 &       4.855280e-02 &       1.000000e+00 &             1.933633e-01 &           0.008132 \\
schreiber2018/ismir2018             &                         6.900158e-03 &          4.014253e-03 &               1.558966e-02 &   4.112589e-03 &                      3.146529e-02 &            7.165516e-01 &         4.904718e-01 &                  0.572362 &      1.731869e-03 &       3.300991e-02 &               4.058855e-08 &           9.390529e-01 &             5.830766e-01 &             6.197090e-01 &       2.728964e-01 &       1.933633e-01 &             1.000000e+00 &           0.083284 \\
zplane/auftakt\_v3                   &                         2.209701e-04 &          2.885464e-04 &               5.666569e-04 &   1.143137e-04 &                      8.510152e-01 &            4.806234e-02 &         2.984236e-02 &                  0.375655 &      1.536055e-01 &       1.104135e-03 &               1.190452e-05 &           1.345651e-01 &             3.554299e-02 &             3.504512e-02 &       3.147914e-01 &       8.131802e-03 &             8.328386e-02 &           1.000000 \\
\bottomrule
\end{tabular}
