\begin{tabular}{lrrrrrrrrrrrrrrr}
\toprule
{} &  boeck2015/tempodetector2016\_default &  davies2009/mirex\_qm\_tempotracker &  echonest/version\_3\_2\_1 &  gkiokas2012/default &  klapuri2006/percival2014 &  oliveira2010/ibt &  percival2014/stem &  scheirer1998/percival2014 &  schreiber2014/default &  schreiber2017/ismir2017 &  schreiber2017/mirex2017 &  schreiber2018/cnn &  schreiber2018/fcn &  schreiber2018/ismir2018 &  zplane/auftakt\_v3 \\
Estimator                           &                                      &                                   &                         &                      &                           &                   &                    &                            &                        &                          &                          &                    &                    &                          &                    \\
\midrule
boeck2015/tempodetector2016\_default &                         1.000000e+00 &                      7.172697e-04 &            1.616381e-07 &         3.085036e-08 &              3.845912e-05 &      1.564172e-04 &       3.388828e-06 &               9.578736e-19 &           6.240408e-07 &             3.256530e-09 &             5.805322e-09 &       7.915897e-03 &       2.753316e-02 &             3.508203e-02 &       3.388828e-06 \\
davies2009/mirex\_qm\_tempotracker    &                         7.172697e-04 &                      1.000000e+00 &            5.189390e-02 &         9.559879e-03 &              3.833103e-01 &      8.036194e-01 &       1.877416e-01 &               2.383493e-11 &           2.288055e-01 &             9.559879e-03 &             2.129411e-02 &       4.050322e-01 &       2.429602e-01 &             6.142835e-02 &       1.220781e-01 \\
echonest/version\_3\_2\_1              &                         1.616381e-07 &                      5.189390e-02 &            1.000000e+00 &         8.746293e-01 &              1.438651e-01 &      7.590473e-02 &       3.488889e-01 &               2.568720e-05 &           4.613912e-01 &             8.776143e-01 &             1.000000e+00 &       3.838266e-03 &       4.697573e-04 &             3.552811e-04 &       3.916029e-01 \\
gkiokas2012/default                 &                         3.085036e-08 &                      9.559879e-03 &            8.746293e-01 &         1.000000e+00 &              4.703103e-02 &      2.262884e-02 &       1.877416e-01 &               4.453449e-05 &           3.019956e-01 &             1.000000e+00 &             1.000000e+00 &       5.355851e-04 &       1.419707e-04 &             5.703812e-05 &       2.220528e-01 \\
klapuri2006/percival2014            &                         3.845912e-05 &                      3.833103e-01 &            1.438651e-01 &         4.703103e-02 &              1.000000e+00 &      6.476059e-01 &       5.412562e-01 &               4.042104e-09 &           5.514843e-01 &             5.958389e-02 &             1.038054e-01 &       8.953108e-02 &       4.355852e-02 &             3.719166e-03 &       5.571971e-01 \\
oliveira2010/ibt                    &                         1.564172e-04 &                      8.036194e-01 &            7.590473e-02 &         2.262884e-02 &              6.476059e-01 &      1.000000e+00 &       3.105047e-01 &               7.638141e-11 &           3.496820e-01 &             1.952047e-02 &             3.998606e-02 &       2.153271e-01 &       1.262895e-01 &             2.411954e-02 &       2.477886e-01 \\
percival2014/stem                   &                         3.388828e-06 &                      1.877416e-01 &            3.488889e-01 &         1.877416e-01 &              5.412562e-01 &      3.105047e-01 &       1.000000e+00 &               1.802802e-08 &           1.000000e+00 &             2.326932e-01 &             3.019956e-01 &       3.153950e-02 &       7.915897e-03 &             2.221434e-03 &       1.000000e+00 \\
scheirer1998/percival2014           &                         9.578736e-19 &                      2.383493e-11 &            2.568720e-05 &         4.453449e-05 &              4.042104e-09 &      7.638141e-11 &       1.802802e-08 &               1.000000e+00 &           9.674891e-07 &             5.849547e-05 &             5.062266e-05 &       1.807741e-12 &       1.799344e-12 &             3.524569e-14 &       1.802802e-08 \\
schreiber2014/default               &                         6.240408e-07 &                      2.288055e-01 &            4.613912e-01 &         3.019956e-01 &              5.514843e-01 &      3.496820e-01 &       1.000000e+00 &               9.674891e-07 &           1.000000e+00 &             2.912152e-01 &             3.712980e-01 &       3.283914e-02 &       1.097356e-02 &             4.601310e-03 &       1.000000e+00 \\
schreiber2017/ismir2017             &                         3.256530e-09 &                      9.559879e-03 &            8.776143e-01 &         1.000000e+00 &              5.958389e-02 &      1.952047e-02 &       2.326932e-01 &               5.849547e-05 &           2.912152e-01 &             1.000000e+00 &             1.000000e+00 &       5.355851e-04 &       9.848878e-05 &             8.963039e-06 &       1.995909e-01 \\
schreiber2017/mirex2017             &                         5.805322e-09 &                      2.129411e-02 &            1.000000e+00 &         1.000000e+00 &              1.038054e-01 &      3.998606e-02 &       3.019956e-01 &               5.062266e-05 &           3.712980e-01 &             1.000000e+00 &             1.000000e+00 &       1.402689e-03 &       3.058640e-04 &             6.169641e-05 &       2.912152e-01 \\
schreiber2018/cnn                   &                         7.915897e-03 &                      4.050322e-01 &            3.838266e-03 &         5.355851e-04 &              8.953108e-02 &      2.153271e-01 &       3.153950e-02 &               1.807741e-12 &           3.283914e-02 &             5.355851e-04 &             1.402689e-03 &       1.000000e+00 &       6.900380e-01 &             4.048729e-01 &       2.753316e-02 \\
schreiber2018/fcn                   &                         2.753316e-02 &                      2.429602e-01 &            4.697573e-04 &         1.419707e-04 &              4.355852e-02 &      1.262895e-01 &       7.915897e-03 &               1.799344e-12 &           1.097356e-02 &             9.848878e-05 &             3.058640e-04 &       6.900380e-01 &       1.000000e+00 &             8.450190e-01 &       7.915897e-03 \\
schreiber2018/ismir2018             &                         3.508203e-02 &                      6.142835e-02 &            3.552811e-04 &         5.703812e-05 &              3.719166e-03 &      2.411954e-02 &       2.221434e-03 &               3.524569e-14 &           4.601310e-03 &             8.963039e-06 &             6.169641e-05 &       4.048729e-01 &       8.450190e-01 &             1.000000e+00 &       5.350527e-04 \\
zplane/auftakt\_v3                   &                         3.388828e-06 &                      1.220781e-01 &            3.916029e-01 &         2.220528e-01 &              5.571971e-01 &      2.477886e-01 &       1.000000e+00 &               1.802802e-08 &           1.000000e+00 &             1.995909e-01 &             2.912152e-01 &       2.753316e-02 &       7.915897e-03 &             5.350527e-04 &       1.000000e+00 \\
\bottomrule
\end{tabular}
