\begin{tabular}{lrrrrrrrrrrrrrrr}
\toprule
{} &  boeck2015/tempodetector2016\_default &  davies2009/mirex\_qm\_tempotracker &  echonest/version\_3\_2\_1 &  gkiokas2012/default &  klapuri2006/percival2014 &  oliveira2010/ibt &  percival2014/stem &  scheirer1998/percival2014 &  schreiber2014/default &  schreiber2017/ismir2017 &  schreiber2017/mirex2017 &  schreiber2018/cnn &  schreiber2018/fcn &  schreiber2018/ismir2018 &  zplane/auftakt\_v3 \\
Estimator                           &                                      &                                   &                         &                      &                           &                   &                    &                            &                        &                          &                          &                    &                    &                          &                    \\
\midrule
boeck2015/tempodetector2016\_default &                         1.000000e+00 &                      2.771616e-04 &            7.197380e-03 &         4.425049e-03 &                  0.000277 &          0.000027 &       2.127075e-02 &               4.869561e-13 &           1.831055e-03 &             6.347656e-03 &             6.347656e-03 &       7.286072e-04 &       3.088379e-02 &             2.576828e-03 &       1.943111e-05 \\
davies2009/mirex\_qm\_tempotracker    &                         2.771616e-04 &                      1.000000e+00 &            3.833103e-01 &         3.592834e-01 &                  1.000000 &          0.423950 &       5.737305e-02 &               4.336383e-07 &           2.862787e-01 &             9.625244e-02 &             9.625244e-02 &       5.810547e-01 &       1.338005e-01 &             4.544983e-01 &       6.476059e-01 \\
echonest/version\_3\_2\_1              &                         7.197380e-03 &                      3.833103e-01 &            1.000000e+00 &         1.000000e+00 &                  0.359283 &          0.049042 &       5.810547e-01 &               1.284823e-09 &           1.000000e+00 &             6.476059e-01 &             6.476059e-01 &       8.036194e-01 &       6.636238e-01 &             1.000000e+00 &       1.153183e-01 \\
gkiokas2012/default                 &                         4.425049e-03 &                      3.592834e-01 &            1.000000e+00 &         1.000000e+00 &                  0.359283 &          0.063568 &       6.290588e-01 &               7.455210e-09 &           1.000000e+00 &             5.810547e-01 &             5.810547e-01 &       7.905273e-01 &       6.290588e-01 &             1.000000e+00 &       9.625244e-02 \\
klapuri2006/percival2014            &                         2.771616e-04 &                      1.000000e+00 &            3.592834e-01 &         3.592834e-01 &                  1.000000 &          0.480682 &       1.153183e-01 &               1.241628e-06 &           3.449285e-01 &             1.338005e-01 &             1.338005e-01 &       6.290588e-01 &       1.338005e-01 &             5.234671e-01 &       6.776395e-01 \\
oliveira2010/ibt                    &                         2.744049e-05 &                      4.239502e-01 &            4.904175e-02 &         6.356812e-02 &                  0.480682 &          1.000000 &       4.180908e-03 &               3.388828e-06 &           6.391466e-02 &             1.181793e-02 &             1.181793e-02 &       1.184692e-01 &       2.265584e-02 &             9.625244e-02 &       1.000000e+00 \\
percival2014/stem                   &                         2.127075e-02 &                      5.737305e-02 &            5.810547e-01 &         6.290588e-01 &                  0.115318 &          0.004181 &       1.000000e+00 &               4.355627e-12 &           8.238029e-01 &             1.000000e+00 &             1.000000e+00 &       2.265625e-01 &       1.000000e+00 &             4.239502e-01 &       9.765625e-04 \\
scheirer1998/percival2014           &                         4.869561e-13 &                      4.336383e-07 &            1.284823e-09 &         7.455210e-09 &                  0.000001 &          0.000003 &       4.355627e-12 &               1.000000e+00 &           9.052391e-09 &             7.053980e-11 &             7.053980e-11 &       1.032582e-08 &       1.358992e-09 &             1.308759e-08 &       3.102804e-07 \\
schreiber2014/default               &                         1.831055e-03 &                      2.862787e-01 &            1.000000e+00 &         1.000000e+00 &                  0.344928 &          0.063915 &       8.238029e-01 &               9.052391e-09 &           1.000000e+00 &             8.036194e-01 &             8.036194e-01 &       6.476059e-01 &       8.388197e-01 &             8.238029e-01 &       1.077521e-01 \\
schreiber2017/ismir2017             &                         6.347656e-03 &                      9.625244e-02 &            6.476059e-01 &         5.810547e-01 &                  0.133801 &          0.011818 &       1.000000e+00 &               7.053980e-11 &           8.036194e-01 &             1.000000e+00 &             1.000000e+00 &       3.017578e-01 &       1.000000e+00 &             4.544983e-01 &       1.272583e-02 \\
schreiber2017/mirex2017             &                         6.347656e-03 &                      9.625244e-02 &            6.476059e-01 &         5.810547e-01 &                  0.133801 &          0.011818 &       1.000000e+00 &               7.053980e-11 &           8.036194e-01 &             1.000000e+00 &             1.000000e+00 &       3.017578e-01 &       1.000000e+00 &             4.544983e-01 &       1.272583e-02 \\
schreiber2018/cnn                   &                         7.286072e-04 &                      5.810547e-01 &            8.036194e-01 &         7.905273e-01 &                  0.629059 &          0.118469 &       2.265625e-01 &               1.032582e-08 &           6.476059e-01 &             3.017578e-01 &             3.017578e-01 &       1.000000e+00 &       2.668457e-01 &             1.000000e+00 &       1.795654e-01 \\
schreiber2018/fcn                   &                         3.088379e-02 &                      1.338005e-01 &            6.636238e-01 &         6.290588e-01 &                  0.133801 &          0.022656 &       1.000000e+00 &               1.358992e-09 &           8.388197e-01 &             1.000000e+00 &             1.000000e+00 &       2.668457e-01 &       1.000000e+00 &             5.034447e-01 &       1.921082e-02 \\
schreiber2018/ismir2018             &                         2.576828e-03 &                      4.544983e-01 &            1.000000e+00 &         1.000000e+00 &                  0.523467 &          0.096252 &       4.239502e-01 &               1.308759e-08 &           8.238029e-01 &             4.544983e-01 &             4.544983e-01 &       1.000000e+00 &       5.034447e-01 &             1.000000e+00 &       1.434631e-01 \\
zplane/auftakt\_v3                   &                         1.943111e-05 &                      6.476059e-01 &            1.153183e-01 &         9.625244e-02 &                  0.677639 &          1.000000 &       9.765625e-04 &               3.102804e-07 &           1.077521e-01 &             1.272583e-02 &             1.272583e-02 &       1.795654e-01 &       1.921082e-02 &             1.434631e-01 &       1.000000e+00 \\
\bottomrule
\end{tabular}
