\begin{tabular}{lrrrrrrrrrrrrrrr}
\toprule
{} &  boeck2015/tempodetector2016\_default &  davies2009/mirex\_qm\_tempotracker &  echonest/version\_3\_2\_1 &  gkiokas2012/default &  klapuri2006/percival2014 &  oliveira2010/ibt &  percival2014/stem &  scheirer1998/percival2014 &  schreiber2014/default &  schreiber2017/ismir2017 &  schreiber2017/mirex2017 &  schreiber2018/cnn &  schreiber2018/fcn &  schreiber2018/ismir2018 &  zplane/auftakt\_v3 \\
Estimator                           &                                      &                                   &                         &                      &                           &                   &                    &                            &                        &                          &                          &                    &                    &                          &                    \\
\midrule
boeck2015/tempodetector2016\_default &                         1.000000e+00 &                      8.247454e-09 &            8.554562e-07 &         9.913246e-01 &              6.767947e-02 &      2.599908e-03 &       3.406723e-02 &               4.576353e-01 &           1.071192e-05 &             1.867231e-04 &             1.627997e-06 &       2.080689e-02 &       2.877744e-01 &             6.249697e-02 &       6.677233e-01 \\
davies2009/mirex\_qm\_tempotracker    &                         8.247454e-09 &                      1.000000e+00 &            1.322686e-19 &         1.598084e-09 &              8.923666e-11 &      1.095253e-07 &       2.629881e-17 &               2.355781e-11 &           5.895543e-21 &             7.408369e-15 &             3.021816e-17 &       1.585496e-05 &       3.248443e-06 &             2.529554e-07 &       1.096589e-11 \\
echonest/version\_3\_2\_1              &                         8.554562e-07 &                      1.322686e-19 &            1.000000e+00 &         6.436659e-06 &              1.926858e-11 &      2.447387e-14 &       7.167272e-04 &               1.048101e-03 &           2.335380e-01 &             3.717012e-01 &             8.329294e-01 &       3.059369e-12 &       1.708948e-08 &             2.601681e-10 &       4.226157e-08 \\
gkiokas2012/default                 &                         9.913246e-01 &                      1.598084e-09 &            6.436659e-06 &         1.000000e+00 &              4.947428e-02 &      7.194534e-03 &       3.548924e-02 &               3.517126e-01 &           2.337339e-05 &             6.473998e-04 &             2.577945e-05 &       8.386960e-02 &       3.556635e-01 &             2.169841e-01 &       6.673898e-01 \\
klapuri2006/percival2014            &                         6.767947e-02 &                      8.923666e-11 &            1.926858e-11 &         4.947428e-02 &              1.000000e+00 &      1.107244e-01 &       2.529316e-07 &               4.743849e-03 &           1.338326e-11 &             6.440443e-08 &             2.794491e-10 &       8.963905e-01 &       4.430278e-01 &             6.347952e-01 &       6.206467e-02 \\
oliveira2010/ibt                    &                         2.599908e-03 &                      1.095253e-07 &            2.447387e-14 &         7.194534e-03 &              1.107244e-01 &      1.000000e+00 &       1.009295e-09 &               9.304234e-05 &           9.304008e-14 &             7.506055e-11 &             5.661994e-14 &       3.292143e-01 &       8.261243e-02 &             8.087944e-02 &       9.767293e-04 \\
percival2014/stem                   &                         3.406723e-02 &                      2.629881e-17 &            7.167272e-04 &         3.548924e-02 &              2.529316e-07 &      1.009295e-09 &       1.000000e+00 &               3.063504e-01 &           7.491957e-03 &             3.338199e-02 &             1.673381e-03 &       2.401174e-05 &       1.852921e-03 &             4.209399e-05 &       1.487563e-03 \\
scheirer1998/percival2014           &                         4.576353e-01 &                      2.355781e-11 &            1.048101e-03 &         3.517126e-01 &              4.743849e-03 &      9.304234e-05 &       3.063504e-01 &               1.000000e+00 &           5.788480e-03 &             1.227240e-02 &             7.630542e-04 &       7.789924e-03 &       1.425339e-01 &             3.481593e-02 &       1.864311e-01 \\
schreiber2014/default               &                         1.071192e-05 &                      5.895543e-21 &            2.335380e-01 &         2.337339e-05 &              1.338326e-11 &      9.304008e-14 &       7.491957e-03 &               5.788480e-03 &           1.000000e+00 &             7.535094e-01 &             1.670810e-01 &       1.327366e-11 &       4.557701e-07 &             5.426997e-10 &       6.202869e-08 \\
schreiber2017/ismir2017             &                         1.867231e-04 &                      7.408369e-15 &            3.717012e-01 &         6.473998e-04 &              6.440443e-08 &      7.506055e-11 &       3.338199e-02 &               1.227240e-02 &           7.535094e-01 &             1.000000e+00 &             4.444321e-03 &       4.972313e-09 &       2.923470e-06 &             1.418764e-07 &       9.484290e-06 \\
schreiber2017/mirex2017             &                         1.627997e-06 &                      3.021816e-17 &            8.329294e-01 &         2.577945e-05 &              2.794491e-10 &      5.661994e-14 &       1.673381e-03 &               7.630542e-04 &           1.670810e-01 &             4.444321e-03 &             1.000000e+00 &       2.589938e-12 &       2.001685e-08 &             2.018439e-10 &       8.197686e-08 \\
schreiber2018/cnn                   &                         2.080689e-02 &                      1.585496e-05 &            3.059369e-12 &         8.386960e-02 &              8.963905e-01 &      3.292143e-01 &       2.401174e-05 &               7.789924e-03 &           1.327366e-11 &             4.972313e-09 &             2.589938e-12 &       1.000000e+00 &       2.661435e-01 &             4.332753e-01 &       1.130356e-01 \\
schreiber2018/fcn                   &                         2.877744e-01 &                      3.248443e-06 &            1.708948e-08 &         3.556635e-01 &              4.430278e-01 &      8.261243e-02 &       1.852921e-03 &               1.425339e-01 &           4.557701e-07 &             2.923470e-06 &             2.001685e-08 &       2.661435e-01 &       1.000000e+00 &             6.005214e-01 &       5.286590e-01 \\
schreiber2018/ismir2018             &                         6.249697e-02 &                      2.529554e-07 &            2.601681e-10 &         2.169841e-01 &              6.347952e-01 &      8.087944e-02 &       4.209399e-05 &               3.481593e-02 &           5.426997e-10 &             1.418764e-07 &             2.018439e-10 &       4.332753e-01 &       6.005214e-01 &             1.000000e+00 &       2.160883e-01 \\
zplane/auftakt\_v3                   &                         6.677233e-01 &                      1.096589e-11 &            4.226157e-08 &         6.673898e-01 &              6.206467e-02 &      9.767293e-04 &       1.487563e-03 &               1.864311e-01 &           6.202869e-08 &             9.484290e-06 &             8.197686e-08 &       1.130356e-01 &       5.286590e-01 &             2.160883e-01 &       1.000000e+00 \\
\bottomrule
\end{tabular}
