\begin{tabular}{lrrrrrrrrrrrr}
\toprule
{} &  boeck2015/tempodetector2016\_default &  boeck2019/multi\_task &  boeck2019/multi\_task\_hjdb &  boeck2020/dar &  davies2009/mirex\_qm\_tempotracker &  percival2014/stem &  schreiber2014/default &  schreiber2017/ismir2017 &  schreiber2017/mirex2017 &  schreiber2018/cnn &  schreiber2018/fcn &  schreiber2018/ismir2018 \\
Estimator                           &                                      &                       &                            &                &                                   &                    &                        &                          &                          &                    &                    &                          \\
\midrule
boeck2015/tempodetector2016\_default &                         1.000000e+00 &          2.685681e-02 &               1.810829e-05 &   8.098164e-05 &                      4.339659e-13 &       6.795344e-45 &           2.189281e-26 &             2.338819e-16 &             4.012645e-07 &       3.345115e-01 &       3.748863e-02 &             8.145911e-01 \\
boeck2019/multi\_task                &                         2.685681e-02 &          1.000000e+00 &               1.834595e-09 &   8.628676e-09 &                      2.310051e-07 &       4.312240e-41 &           2.351365e-21 &             4.012008e-12 &             9.542968e-04 &       1.178234e-03 &       1.035151e-05 &             2.791012e-02 \\
boeck2019/multi\_task\_hjdb           &                         1.810829e-05 &          1.834595e-09 &               1.000000e+00 &   4.972961e-55 &                      1.277397e-25 &       8.317730e-66 &           1.612946e-40 &             1.993661e-28 &             6.010574e-17 &       2.965135e-04 &       4.821323e-03 &             8.406235e-06 \\
boeck2020/dar                       &                         8.098164e-05 &          8.628676e-09 &               4.972961e-55 &   1.000000e+00 &                      5.444593e-25 &       7.004265e-65 &           4.965864e-40 &             1.688874e-27 &             2.596126e-16 &       1.405572e-03 &       2.224222e-02 &             3.883950e-05 \\
davies2009/mirex\_qm\_tempotracker    &                         4.339659e-13 &          2.310051e-07 &               1.277397e-25 &   5.444593e-25 &                      1.000000e+00 &       3.855130e-26 &           2.082962e-07 &             2.626544e-02 &             4.808200e-02 &       2.583480e-16 &       1.190166e-19 &             2.159435e-12 \\
percival2014/stem                   &                         6.795344e-45 &          4.312240e-41 &               8.317730e-66 &   7.004265e-65 &                      3.855130e-26 &       1.000000e+00 &           7.800117e-06 &             1.202691e-13 &             5.107476e-28 &       9.556649e-57 &       4.778091e-60 &             3.180895e-50 \\
schreiber2014/default               &                         2.189281e-26 &          2.351365e-21 &               1.612946e-40 &   4.965864e-40 &                      2.082962e-07 &       7.800117e-06 &           1.000000e+00 &             1.454523e-03 &             3.423092e-11 &       3.060617e-31 &       1.526042e-34 &             2.188728e-29 \\
schreiber2017/ismir2017             &                         2.338819e-16 &          4.012008e-12 &               1.993661e-28 &   1.688874e-27 &                      2.626544e-02 &       1.202691e-13 &           1.454523e-03 &             1.000000e+00 &             1.751358e-08 &       6.722379e-21 &       2.999864e-24 &             7.737937e-19 \\
schreiber2017/mirex2017             &                         4.012645e-07 &          9.542968e-04 &               6.010574e-17 &   2.596126e-16 &                      4.808200e-02 &       5.107476e-28 &           3.423092e-11 &             1.751358e-08 &             1.000000e+00 &       5.980036e-11 &       1.368567e-13 &             2.422001e-08 \\
schreiber2018/cnn                   &                         3.345115e-01 &          1.178234e-03 &               2.965135e-04 &   1.405572e-03 &                      2.583480e-16 &       9.556649e-57 &           3.060617e-31 &             6.722379e-21 &             5.980036e-11 &       1.000000e+00 &       2.517685e-01 &             1.648311e-01 \\
schreiber2018/fcn                   &                         3.748863e-02 &          1.035151e-05 &               4.821323e-03 &   2.224222e-02 &                      1.190166e-19 &       4.778091e-60 &           1.526042e-34 &             2.999864e-24 &             1.368567e-13 &       2.517685e-01 &       1.000000e+00 &             8.845730e-03 \\
schreiber2018/ismir2018             &                         8.145911e-01 &          2.791012e-02 &               8.406235e-06 &   3.883950e-05 &                      2.159435e-12 &       3.180895e-50 &           2.188728e-29 &             7.737937e-19 &             2.422001e-08 &       1.648311e-01 &       8.845730e-03 &             1.000000e+00 \\
\bottomrule
\end{tabular}
