\begin{tabular}{lrrrrrrrrrrrr}
\toprule
{} &  boeck2015/tempodetector2016\_default &  boeck2019/multi\_task &  boeck2019/multi\_task\_hjdb &  boeck2020/dar &  davies2009/mirex\_qm\_tempotracker &  percival2014/stem &  schreiber2014/default &  schreiber2017/ismir2017 &  schreiber2017/mirex2017 &  schreiber2018/cnn &  schreiber2018/fcn &  schreiber2018/ismir2018 \\
Estimator                           &                                      &                       &                            &                &                                   &                    &                        &                          &                          &                    &                    &                          \\
\midrule
boeck2015/tempodetector2016\_default &                         1.000000e+00 &          6.982462e-07 &               1.777856e-30 &   3.724211e-22 &                      4.323047e-19 &       1.132332e-29 &           6.744285e-07 &             2.003039e-05 &             2.003042e-05 &       2.993292e-29 &       1.000466e-30 &             7.674461e-10 \\
boeck2019/multi\_task                &                         6.982462e-07 &          1.000000e+00 &               3.484432e-04 &   2.526041e-04 &                      1.743185e-11 &       2.958177e-04 &           1.006435e-02 &             2.021602e-02 &             2.021601e-02 &       4.413855e-04 &       4.399892e-04 &             1.121106e-03 \\
boeck2019/multi\_task\_hjdb           &                         1.777856e-30 &          3.484432e-04 &               1.000000e+00 &   2.211110e-01 &                      3.685049e-17 &       2.050573e-01 &           7.529321e-02 &             9.591249e-02 &             9.591256e-02 &       2.228388e-01 &       3.525887e-01 &             3.653715e-01 \\
boeck2020/dar                       &                         3.724211e-22 &          2.526041e-04 &               2.211110e-01 &   1.000000e+00 &                      2.929379e-17 &       4.141160e-01 &           3.668064e-02 &             5.649905e-02 &             5.649909e-02 &       1.113498e-01 &       1.342591e-01 &             1.938439e-01 \\
davies2009/mirex\_qm\_tempotracker    &                         4.323047e-19 &          1.743185e-11 &               3.685049e-17 &   2.929379e-17 &                      1.000000e+00 &       3.033542e-17 &           5.341318e-16 &             1.733063e-15 &             1.733063e-15 &       4.505085e-17 &       3.652258e-17 &             2.357137e-17 \\
percival2014/stem                   &                         1.132332e-29 &          2.958177e-04 &               2.050573e-01 &   4.141160e-01 &                      3.033542e-17 &       1.000000e+00 &           6.032104e-02 &             7.923862e-02 &             7.923868e-02 &       3.790341e-02 &       5.914070e-02 &             2.657798e-01 \\
schreiber2014/default               &                         6.744285e-07 &          1.006435e-02 &               7.529321e-02 &   3.668064e-02 &                      5.341318e-16 &       6.032104e-02 &           1.000000e+00 &             6.557986e-01 &             6.557990e-01 &       1.070077e-01 &       1.014143e-01 &             2.764935e-01 \\
schreiber2017/ismir2017             &                         2.003039e-05 &          2.021602e-02 &               9.591249e-02 &   5.649905e-02 &                      1.733063e-15 &       7.923862e-02 &           6.557986e-01 &             1.000000e+00 &             3.734190e-01 &       1.226839e-01 &       1.163978e-01 &             2.466124e-01 \\
schreiber2017/mirex2017             &                         2.003042e-05 &          2.021601e-02 &               9.591256e-02 &   5.649909e-02 &                      1.733063e-15 &       7.923868e-02 &           6.557990e-01 &             3.734190e-01 &             1.000000e+00 &       1.226840e-01 &       1.163978e-01 &             2.466125e-01 \\
schreiber2018/cnn                   &                         2.993292e-29 &          4.413855e-04 &               2.228388e-01 &   1.113498e-01 &                      4.505085e-17 &       3.790341e-02 &           1.070077e-01 &             1.226839e-01 &             1.226840e-01 &       1.000000e+00 &       9.102440e-01 &             5.143332e-01 \\
schreiber2018/fcn                   &                         1.000466e-30 &          4.399892e-04 &               3.525887e-01 &   1.342591e-01 &                      3.652258e-17 &       5.914070e-02 &           1.014143e-01 &             1.163978e-01 &             1.163978e-01 &       9.102440e-01 &       1.000000e+00 &             4.837109e-01 \\
schreiber2018/ismir2018             &                         7.674461e-10 &          1.121106e-03 &               3.653715e-01 &   1.938439e-01 &                      2.357137e-17 &       2.657798e-01 &           2.764935e-01 &             2.466124e-01 &             2.466125e-01 &       5.143332e-01 &       4.837109e-01 &             1.000000e+00 \\
\bottomrule
\end{tabular}
