\begin{tabular}{lrrrrrrrrrrrr}
\toprule
{} &  boeck2015/tempodetector2016\_default &  boeck2019/multi\_task &  boeck2019/multi\_task\_hjdb &  boeck2020/dar &  davies2009/mirex\_qm\_tempotracker &  percival2014/stem &  schreiber2014/default &  schreiber2017/ismir2017 &  schreiber2017/mirex2017 &  schreiber2018/cnn &  schreiber2018/fcn &  schreiber2018/ismir2018 \\
Estimator                           &                                      &                       &                            &                &                                   &                    &                        &                          &                          &                    &                    &                          \\
\midrule
boeck2015/tempodetector2016\_default &                         1.000000e+00 &          4.056555e-03 &               1.822542e-04 &   1.598819e-04 &                      4.565527e-16 &       2.432921e-45 &           6.286874e-27 &             5.775481e-17 &             1.226709e-07 &       6.037326e-01 &       1.060473e-01 &             4.761638e-01 \\
boeck2019/multi\_task                &                         4.056555e-03 &          1.000000e+00 &               7.357587e-11 &   7.261797e-11 &                      2.667638e-08 &       3.690605e-40 &           1.409380e-20 &             2.248129e-11 &             2.964837e-03 &       2.833820e-04 &       1.165016e-06 &             1.286759e-02 \\
boeck2019/multi\_task\_hjdb           &                         1.822542e-04 &          7.357587e-11 &               1.000000e+00 &   2.211110e-01 &                      1.091051e-29 &       1.061579e-65 &           2.579464e-40 &             3.032987e-28 &             8.691080e-17 &       2.445317e-04 &       4.240644e-03 &             4.122096e-06 \\
boeck2020/dar                       &                         1.598819e-04 &          7.261797e-11 &               2.211110e-01 &   1.000000e+00 &                      9.904785e-30 &       3.093904e-65 &           1.935123e-40 &             5.783553e-28 &             7.062290e-17 &       2.134516e-04 &       3.979585e-03 &             3.490058e-06 \\
davies2009/mirex\_qm\_tempotracker    &                         4.565527e-16 &          2.667638e-08 &               1.091051e-29 &   9.904785e-30 &                      1.000000e+00 &       5.370320e-25 &           1.826488e-06 &             8.823376e-02 &             1.014109e-02 &       4.628625e-19 &       5.943926e-23 &             1.548031e-14 \\
percival2014/stem                   &                         2.432921e-45 &          3.690605e-40 &               1.061579e-65 &   3.093904e-65 &                      5.370320e-25 &       1.000000e+00 &           7.472842e-06 &             1.184524e-13 &             5.110251e-28 &       1.126847e-56 &       5.197131e-60 &             3.598878e-50 \\
schreiber2014/default               &                         6.286874e-27 &          1.409380e-20 &               2.579464e-40 &   1.935123e-40 &                      1.826488e-06 &       7.472842e-06 &           1.000000e+00 &             1.527646e-03 &             3.695665e-11 &       4.530179e-31 &       1.744006e-34 &             5.257442e-29 \\
schreiber2017/ismir2017             &                         5.775481e-17 &          2.248129e-11 &               3.032987e-28 &   5.783553e-28 &                      8.823376e-02 &       1.184524e-13 &           1.527646e-03 &             1.000000e+00 &             1.818096e-08 &       1.040353e-20 &       3.586511e-24 &             1.581734e-18 \\
schreiber2017/mirex2017             &                         1.226709e-07 &          2.964837e-03 &               8.691080e-17 &   7.062290e-17 &                      1.014109e-02 &       5.110251e-28 &           3.695665e-11 &             1.818096e-08 &             1.000000e+00 &       9.007751e-11 &       1.745237e-13 &             4.156191e-08 \\
schreiber2018/cnn                   &                         6.037326e-01 &          2.833820e-04 &               2.445317e-04 &   2.134516e-04 &                      4.628625e-19 &       1.126847e-56 &           4.530179e-31 &             1.040353e-20 &             9.007751e-11 &       1.000000e+00 &       2.336408e-01 &             1.360043e-01 \\
schreiber2018/fcn                   &                         1.060473e-01 &          1.165016e-06 &               4.240644e-03 &   3.979585e-03 &                      5.943926e-23 &       5.197131e-60 &           1.744006e-34 &             3.586511e-24 &             1.745237e-13 &       2.336408e-01 &       1.000000e+00 &             5.475320e-03 \\
schreiber2018/ismir2018             &                         4.761638e-01 &          1.286759e-02 &               4.122096e-06 &   3.490058e-06 &                      1.548031e-14 &       3.598878e-50 &           5.257442e-29 &             1.581734e-18 &             4.156191e-08 &       1.360043e-01 &       5.475320e-03 &             1.000000e+00 \\
\bottomrule
\end{tabular}
