\begin{tabular}{lrrrrrrrrrrr}
\toprule
{} &  boeck2015/tempodetector2016\_default &  boeck2019/multi\_task &  boeck2019/multi\_task\_hjdb &  davies2009/mirex\_qm\_tempotracker &  percival2014/stem &  schreiber2014/default &  schreiber2017/ismir2017 &  schreiber2017/mirex2017 &  schreiber2018/cnn &  schreiber2018/fcn &  schreiber2018/ismir2018 \\
Estimator                           &                                      &                       &                            &                                   &                    &                        &                          &                          &                    &                    &                          \\
\midrule
boeck2015/tempodetector2016\_default &                         1.000000e+00 &          1.841555e-03 &               1.525879e-05 &                      5.074903e-20 &       1.423714e-37 &           2.251952e-25 &             1.423591e-16 &             1.646430e-07 &       5.715882e-01 &       9.313965e-02 &             5.113758e-01 \\
boeck2019/multi\_task                &                         1.841555e-03 &          1.000000e+00 &               9.094947e-13 &                      1.641548e-10 &       2.696825e-32 &           4.300827e-18 &             1.956993e-09 &             2.052693e-02 &       6.169641e-05 &       2.499510e-07 &             1.097356e-02 \\
boeck2019/multi\_task\_hjdb           &                         1.525879e-05 &          9.094947e-13 &               1.000000e+00 &                      3.944305e-31 &       5.345529e-51 &           2.350989e-38 &             2.524355e-29 &             8.673617e-19 &       2.441406e-04 &       7.812500e-03 &             4.768372e-07 \\
davies2009/mirex\_qm\_tempotracker    &                         5.074903e-20 &          1.641548e-10 &               3.944305e-31 &                      1.000000e+00 &       5.202430e-13 &           1.533316e-02 &             5.712996e-01 &             1.611385e-05 &       4.207683e-21 &       2.630867e-25 &             7.966830e-17 \\
percival2014/stem                   &                         1.423714e-37 &          2.696825e-32 &               5.345529e-51 &                      5.202430e-13 &       1.000000e+00 &           2.857379e-05 &             1.065784e-12 &             2.078978e-25 &       4.379058e-47 &       1.368456e-48 &             1.587111e-41 \\
schreiber2014/default               &                         2.251952e-25 &          4.300827e-18 &               2.350989e-38 &                      1.533316e-02 &       2.857379e-05 &           1.000000e+00 &             1.992081e-03 &             6.207630e-11 &       4.240436e-29 &       2.989282e-32 &             1.480300e-26 \\
schreiber2017/ismir2017             &                         1.423591e-16 &          1.956993e-09 &               2.524355e-29 &                      5.712996e-01 &       1.065784e-12 &           1.992081e-03 &             1.000000e+00 &             1.047920e-08 &       1.111224e-20 &       1.728274e-24 &             1.311110e-17 \\
schreiber2017/mirex2017             &                         1.646430e-07 &          2.052693e-02 &               8.673617e-19 &                      1.611385e-05 &       2.078978e-25 &           6.207630e-11 &             1.047920e-08 &             1.000000e+00 &       3.496477e-11 &       2.295386e-14 &             1.520195e-07 \\
schreiber2018/cnn                   &                         5.715882e-01 &          6.169641e-05 &               2.441406e-04 &                      4.207683e-21 &       4.379058e-47 &           4.240436e-29 &             1.111224e-20 &             3.496477e-11 &       1.000000e+00 &       3.592834e-01 &             1.077521e-01 \\
schreiber2018/fcn                   &                         9.313965e-02 &          2.499510e-07 &               7.812500e-03 &                      2.630867e-25 &       1.368456e-48 &           2.989282e-32 &             1.728274e-24 &             2.295386e-14 &       3.592834e-01 &       1.000000e+00 &             4.343510e-03 \\
schreiber2018/ismir2018             &                         5.113758e-01 &          1.097356e-02 &               4.768372e-07 &                      7.966830e-17 &       1.587111e-41 &           1.480300e-26 &             1.311110e-17 &             1.520195e-07 &       1.077521e-01 &       4.343510e-03 &             1.000000e+00 \\
\bottomrule
\end{tabular}
