\begin{tabular}{lrrrrrrrrrrr}
\toprule
{} &  boeck2015/tempodetector2016\_default &  boeck2019/multi\_task &  boeck2019/multi\_task\_hjdb &  davies2009/mirex\_qm\_tempotracker &  percival2014/stem &  schreiber2014/default &  schreiber2017/ismir2017 &  schreiber2017/mirex2017 &  schreiber2018/cnn &  schreiber2018/fcn &  schreiber2018/ismir2018 \\
Estimator                           &                                      &                       &                            &                                   &                    &                        &                          &                          &                    &                    &                          \\
\midrule
boeck2015/tempodetector2016\_default &                         1.000000e+00 &          3.906250e-03 &               1.000000e+00 &                      1.776357e-15 &       1.000000e+00 &           6.250000e-02 &             1.250000e-01 &             1.250000e-01 &       1.000000e+00 &       1.000000e+00 &             5.000000e-01 \\
boeck2019/multi\_task                &                         3.906250e-03 &          1.000000e+00 &               3.906250e-03 &                      5.805322e-09 &       3.906250e-03 &           4.239502e-01 &             2.668457e-01 &             2.668457e-01 &       3.906250e-03 &       3.906250e-03 &             6.542969e-02 \\
boeck2019/multi\_task\_hjdb           &                         1.000000e+00 &          3.906250e-03 &               1.000000e+00 &                      1.776357e-15 &       1.000000e+00 &           6.250000e-02 &             1.250000e-01 &             1.250000e-01 &       1.000000e+00 &       1.000000e+00 &             5.000000e-01 \\
davies2009/mirex\_qm\_tempotracker    &                         1.776357e-15 &          5.805322e-09 &               1.776357e-15 &                      1.000000e+00 &       1.776357e-15 &           7.053980e-11 &             1.042677e-11 &             1.042677e-11 &       1.776357e-15 &       1.776357e-15 &             7.105427e-15 \\
percival2014/stem                   &                         1.000000e+00 &          3.906250e-03 &               1.000000e+00 &                      1.776357e-15 &       1.000000e+00 &           6.250000e-02 &             1.250000e-01 &             1.250000e-01 &       1.000000e+00 &       1.000000e+00 &             5.000000e-01 \\
schreiber2014/default               &                         6.250000e-02 &          4.239502e-01 &               6.250000e-02 &                      7.053980e-11 &       6.250000e-02 &           1.000000e+00 &             1.000000e+00 &             1.000000e+00 &       6.250000e-02 &       6.250000e-02 &             4.531250e-01 \\
schreiber2017/ismir2017             &                         1.250000e-01 &          2.668457e-01 &               1.250000e-01 &                      1.042677e-11 &       1.250000e-01 &           1.000000e+00 &             1.000000e+00 &             1.000000e+00 &       1.250000e-01 &       1.250000e-01 &             6.875000e-01 \\
schreiber2017/mirex2017             &                         1.250000e-01 &          2.668457e-01 &               1.250000e-01 &                      1.042677e-11 &       1.250000e-01 &           1.000000e+00 &             1.000000e+00 &             1.000000e+00 &       1.250000e-01 &       1.250000e-01 &             6.875000e-01 \\
schreiber2018/cnn                   &                         1.000000e+00 &          3.906250e-03 &               1.000000e+00 &                      1.776357e-15 &       1.000000e+00 &           6.250000e-02 &             1.250000e-01 &             1.250000e-01 &       1.000000e+00 &       1.000000e+00 &             5.000000e-01 \\
schreiber2018/fcn                   &                         1.000000e+00 &          3.906250e-03 &               1.000000e+00 &                      1.776357e-15 &       1.000000e+00 &           6.250000e-02 &             1.250000e-01 &             1.250000e-01 &       1.000000e+00 &       1.000000e+00 &             5.000000e-01 \\
schreiber2018/ismir2018             &                         5.000000e-01 &          6.542969e-02 &               5.000000e-01 &                      7.105427e-15 &       5.000000e-01 &           4.531250e-01 &             6.875000e-01 &             6.875000e-01 &       5.000000e-01 &       5.000000e-01 &             1.000000e+00 \\
\bottomrule
\end{tabular}
