\begin{tabular}{lrrrrrrrrrrrrrrrrrrrrrrrrrr}
\toprule
{} &  alonso2004/ismir2004\_corr &  alonso2004/ismir2004\_spec &  boeck2015/tempodetector2016\_default &  davies2009/mirex\_qm\_tempotracker &  dixon2001/ismir2004\_indu &  dixon2001/ismir2004\_trac &  dixon2003/ismir2004\_auco &  echonest/version\_3\_2\_1 &  gkiokas2012/default &  klapuri2006/ismir2004 &  klapuri2006/percival2014 &  oliveira2010/ibt &  percival2014/stem &  scheirer1998/ismir2004 &  scheirer1998/percival2014 &  schreiber2014/default &  schreiber2017/ismir2017 &  schreiber2017/mirex2017 &  schreiber2018/cnn &  schreiber2018/fcn &  schreiber2018/ismir2018 &  tzanetakis2002/ismir2004\_hist &  tzanetakis2002/ismir2004\_mmul &  tzanetakis2002/ismir2004\_msum &  uhle2004/ismir2004 &  zplane/auftakt\_v3 \\
Estimator                           &                            &                            &                                      &                                   &                           &                           &                           &                         &                      &                        &                           &                   &                    &                         &                            &                        &                          &                          &                    &                    &                          &                                &                                &                                &                     &                    \\
\midrule
alonso2004/ismir2004\_corr           &               1.000000e+00 &               1.014125e-04 &                         1.240359e-35 &                      4.852758e-12 &              1.316591e-01 &              1.066717e-05 &              1.129143e-08 &            6.215493e-17 &         5.781521e-30 &           1.324921e-29 &              2.599651e-29 &      2.752866e-12 &       4.761035e-24 &            1.562201e-02 &               1.618349e-03 &           6.349332e-30 &             1.554513e-32 &             1.554514e-32 &       1.882614e-37 &       4.207904e-35 &             1.242148e-29 &                   3.683643e-04 &                   6.664516e-04 &                   6.557363e-01 &        2.418467e-06 &       1.843921e-18 \\
alonso2004/ismir2004\_spec           &               1.014125e-04 &               1.000000e+00 &                         5.135079e-22 &                      6.360316e-04 &              5.824415e-02 &              3.255881e-01 &              3.524747e-02 &            1.639811e-05 &         1.384399e-17 &           3.948190e-15 &              3.086595e-15 &      2.036553e-03 &       6.495250e-13 &            3.978977e-01 &               7.233440e-01 &           8.243963e-18 &             3.546737e-20 &             3.546738e-20 &       8.285375e-22 &       5.614738e-23 &             2.617457e-17 &                   2.006285e-10 &                   8.903805e-11 &                   2.260974e-04 &        4.045842e-01 &       1.964333e-07 \\
boeck2015/tempodetector2016\_default &               1.240359e-35 &               5.135079e-22 &                         1.000000e+00 &                      6.947376e-13 &              1.816373e-27 &              1.622164e-17 &              2.626813e-16 &            3.851217e-11 &         3.976818e-02 &           3.002284e-02 &              1.842590e-02 &      3.085037e-14 &       1.764452e-05 &            3.301149e-23 &               2.557773e-19 &           7.015634e-02 &             2.826178e-01 &             2.826178e-01 &       7.216609e-01 &       8.783906e-01 &             2.681880e-02 &                   3.152978e-41 &                   3.257614e-47 &                   5.803469e-36 &        5.124409e-22 &       5.862475e-09 \\
davies2009/mirex\_qm\_tempotracker    &               4.852758e-12 &               6.360316e-04 &                         6.947376e-13 &                      1.000000e+00 &              6.403388e-09 &              2.336957e-03 &              5.408505e-02 &            5.890782e-01 &         2.743283e-09 &           5.001382e-08 &              4.931268e-08 &      9.225448e-01 &       7.005453e-04 &            4.384953e-05 &               7.010563e-04 &           1.882420e-07 &             3.356233e-09 &             3.356234e-09 &       1.383571e-10 &       2.052039e-11 &             1.139261e-07 &                   1.197405e-19 &                   6.397068e-20 &                   7.555222e-14 &        1.073966e-02 &       9.761445e-02 \\
dixon2001/ismir2004\_indu            &               1.316591e-01 &               5.824415e-02 &                         1.816373e-27 &                      6.403388e-09 &              1.000000e+00 &              5.577867e-03 &              9.969478e-06 &            7.322106e-10 &         3.614049e-23 &           1.269622e-20 &              9.775268e-21 &      4.919364e-07 &       1.025546e-14 &            3.402654e-01 &               9.709492e-02 &           1.205740e-21 &             1.759818e-22 &             1.759819e-22 &       4.166022e-27 &       7.808497e-27 &             4.929733e-21 &                   1.797097e-07 &                   3.033434e-07 &                   4.434605e-02 &        4.431437e-03 &       2.052439e-10 \\
dixon2001/ismir2004\_trac            &               1.066717e-05 &               3.255881e-01 &                         1.622164e-17 &                      2.336957e-03 &              5.577867e-03 &              1.000000e+00 &              8.712434e-02 &            6.901767e-04 &         1.348314e-14 &           2.358602e-13 &              5.097974e-13 &      1.854099e-02 &       2.933705e-08 &            7.598258e-02 &               1.475131e-01 &           9.474059e-13 &             6.132164e-14 &             6.132165e-14 &       2.383833e-17 &       5.175521e-18 &             1.107961e-15 &                   4.346844e-13 &                   2.731208e-13 &                   9.542520e-06 &        8.014869e-01 &       8.511780e-05 \\
dixon2003/ismir2004\_auco            &               1.129143e-08 &               3.524747e-02 &                         2.626813e-16 &                      5.408505e-02 &              9.969478e-06 &              8.712434e-02 &              1.000000e+00 &            3.676768e-02 &         4.276840e-12 &           2.266189e-10 &              1.578814e-10 &      2.494874e-01 &       5.265611e-06 &            6.232977e-03 &               8.898082e-02 &           9.630105e-11 &             1.878030e-12 &             1.878031e-12 &       1.143370e-14 &       3.323208e-15 &             2.376167e-11 &                   1.120119e-19 &                   2.211405e-17 &                   2.017413e-09 &        2.618531e-01 &       2.099873e-03 \\
echonest/version\_3\_2\_1              &               6.215493e-17 &               1.639811e-05 &                         3.851217e-11 &                      5.890782e-01 &              7.322106e-10 &              6.901767e-04 &              3.676768e-02 &            1.000000e+00 &         3.934881e-08 &           2.503030e-07 &              2.490006e-07 &      2.721767e-01 &       2.235866e-03 &            1.547423e-06 &               4.008744e-05 &           3.982414e-08 &             1.510114e-09 &             1.510115e-09 &       1.364978e-11 &       1.472862e-11 &             1.005042e-07 &                   4.773321e-25 &                   1.223402e-26 &                   1.246120e-15 &        1.283249e-03 &       2.678061e-01 \\
gkiokas2012/default                 &               5.781521e-30 &               1.384399e-17 &                         3.976818e-02 &                      2.743283e-09 &              3.614049e-23 &              1.348314e-14 &              4.276840e-12 &            3.934881e-08 &         1.000000e+00 &           5.318191e-01 &              4.383912e-01 &      2.479124e-10 &       1.016497e-02 &            3.979107e-21 &               9.825791e-17 &           8.844994e-01 &             3.589160e-01 &             3.589160e-01 &       7.067167e-02 &       4.163988e-02 &             8.485971e-01 &                   1.705679e-37 &                   3.192070e-43 &                   5.595175e-32 &        1.349511e-17 &       8.580774e-06 \\
klapuri2006/ismir2004               &               1.324921e-29 &               3.948190e-15 &                         3.002284e-02 &                      5.001382e-08 &              1.269622e-20 &              2.358602e-13 &              2.266189e-10 &            2.503030e-07 &         5.318191e-01 &           1.000000e+00 &              8.026713e-01 &      1.061449e-09 &       4.522593e-02 &            2.641952e-17 &               5.709659e-16 &           4.626269e-01 &             1.410814e-01 &             1.410814e-01 &       2.376167e-02 &       1.963043e-02 &             6.728814e-01 &                   1.621961e-34 &                   1.161900e-39 &                   9.607619e-28 &        6.809485e-13 &       1.969091e-05 \\
klapuri2006/percival2014            &               2.599651e-29 &               3.086595e-15 &                         1.842590e-02 &                      4.931268e-08 &              9.775268e-21 &              5.097974e-13 &              1.578814e-10 &            2.490006e-07 &         4.383912e-01 &           8.026713e-01 &              1.000000e+00 &      5.806699e-10 &       5.545712e-02 &            1.258485e-17 &               2.944599e-16 &           3.714170e-01 &             9.779083e-02 &             9.779084e-02 &       1.574654e-02 &       9.077369e-03 &             5.708366e-01 &                   1.432662e-34 &                   7.396063e-40 &                   1.182295e-27 &        5.289430e-13 &       1.699964e-05 \\
oliveira2010/ibt                    &               2.752866e-12 &               2.036553e-03 &                         3.085037e-14 &                      9.225448e-01 &              4.919364e-07 &              1.854099e-02 &              2.494874e-01 &            2.721767e-01 &         2.479124e-10 &           1.061449e-09 &              5.806699e-10 &      1.000000e+00 &       6.059708e-05 &            1.001459e-04 &               9.417354e-04 &           1.689573e-10 &             2.303926e-12 &             2.303927e-12 &       2.000536e-13 &       3.383984e-14 &             2.396805e-09 &                   6.797505e-20 &                   6.929807e-21 &                   3.933792e-11 &        2.031768e-02 &       2.031519e-02 \\
percival2014/stem                   &               4.761035e-24 &               6.495250e-13 &                         1.764452e-05 &                      7.005453e-04 &              1.025546e-14 &              2.933705e-08 &              5.265611e-06 &            2.235866e-03 &         1.016497e-02 &           4.522593e-02 &              5.545712e-02 &      6.059708e-05 &       1.000000e+00 &            4.146249e-13 &               3.045355e-10 &           3.162265e-03 &             2.637706e-04 &             2.637707e-04 &       6.568672e-05 &       9.575657e-06 &             1.064108e-02 &                   2.911275e-29 &                   2.996480e-32 &                   6.909912e-22 &        5.315417e-09 &       3.551529e-02 \\
scheirer1998/ismir2004              &               1.562201e-02 &               3.978977e-01 &                         3.301149e-23 &                      4.384953e-05 &              3.402654e-01 &              7.598258e-02 &              6.232977e-03 &            1.547423e-06 &         3.979107e-21 &           2.641952e-17 &              1.258485e-17 &      1.001459e-04 &       4.146249e-13 &            1.000000e+00 &               2.379967e-01 &           1.244603e-19 &             2.282368e-22 &             2.282369e-22 &       3.238870e-24 &       1.114050e-25 &             1.924218e-20 &                   1.219129e-07 &                   5.159369e-08 &                   6.008912e-03 &        7.359823e-02 &       8.927410e-09 \\
scheirer1998/percival2014           &               1.618349e-03 &               7.233440e-01 &                         2.557773e-19 &                      7.010563e-04 &              9.709492e-02 &              1.475131e-01 &              8.898082e-02 &            4.008744e-05 &         9.825791e-17 &           5.709659e-16 &              2.944599e-16 &      9.417354e-04 &       3.045355e-10 &            2.379967e-01 &               1.000000e+00 &           6.380802e-18 &             3.376624e-20 &             3.376626e-20 &       5.921474e-20 &       1.574298e-20 &             2.349494e-17 &                   4.174993e-10 &                   2.461638e-09 &                   4.533159e-04 &        2.901397e-01 &       1.619944e-07 \\
schreiber2014/default               &               6.349332e-30 &               8.243963e-18 &                         7.015634e-02 &                      1.882420e-07 &              1.205740e-21 &              9.474059e-13 &              9.630105e-11 &            3.982414e-08 &         8.844994e-01 &           4.626269e-01 &              3.714170e-01 &      1.689573e-10 &       3.162265e-03 &            1.244603e-19 &               6.380802e-18 &           1.000000e+00 &             2.237660e-01 &             2.237661e-01 &       9.967696e-02 &       7.383421e-02 &             6.960259e-01 &                   1.350353e-36 &                   3.179222e-43 &                   2.043203e-29 &        4.342832e-15 &       1.110314e-06 \\
schreiber2017/ismir2017             &               1.554513e-32 &               3.546737e-20 &                         2.826178e-01 &                      3.356233e-09 &              1.759818e-22 &              6.132164e-14 &              1.878030e-12 &            1.510114e-09 &         3.589160e-01 &           1.410814e-01 &              9.779083e-02 &      2.303926e-12 &       2.637706e-04 &            2.282368e-22 &               3.376624e-20 &           2.237660e-01 &             1.000000e+00 &             2.064321e-01 &       4.519523e-01 &       3.356591e-01 &             2.609495e-01 &                   3.384658e-36 &                   4.028129e-44 &                   7.530139e-31 &        2.127802e-17 &       4.825849e-09 \\
schreiber2017/mirex2017             &               1.554514e-32 &               3.546738e-20 &                         2.826178e-01 &                      3.356234e-09 &              1.759819e-22 &              6.132165e-14 &              1.878031e-12 &            1.510115e-09 &         3.589160e-01 &           1.410814e-01 &              9.779084e-02 &      2.303927e-12 &       2.637707e-04 &            2.282369e-22 &               3.376626e-20 &           2.237661e-01 &             2.064321e-01 &             1.000000e+00 &       4.519522e-01 &       3.356590e-01 &             2.609495e-01 &                   3.384659e-36 &                   4.028131e-44 &                   7.530142e-31 &        2.127803e-17 &       4.825851e-09 \\
schreiber2018/cnn                   &               1.882614e-37 &               8.285375e-22 &                         7.216609e-01 &                      1.383571e-10 &              4.166022e-27 &              2.383833e-17 &              1.143370e-14 &            1.364978e-11 &         7.067167e-02 &           2.376167e-02 &              1.574654e-02 &      2.000536e-13 &       6.568672e-05 &            3.238870e-24 &               5.921474e-20 &           9.967696e-02 &             4.519523e-01 &             4.519522e-01 &       1.000000e+00 &       8.180580e-01 &             3.296472e-02 &                   5.235333e-40 &                   4.435591e-50 &                   8.484071e-34 &        1.992993e-19 &       4.136654e-09 \\
schreiber2018/fcn                   &               4.207904e-35 &               5.614738e-23 &                         8.783906e-01 &                      2.052039e-11 &              7.808497e-27 &              5.175521e-18 &              3.323208e-15 &            1.472862e-11 &         4.163988e-02 &           1.963043e-02 &              9.077369e-03 &      3.383984e-14 &       9.575657e-06 &            1.114050e-25 &               1.574298e-20 &           7.383421e-02 &             3.356591e-01 &             3.356590e-01 &       8.180580e-01 &       1.000000e+00 &             1.918361e-02 &                   3.913100e-39 &                   1.536956e-47 &                   7.933423e-34 &        5.191039e-19 &       1.345643e-09 \\
schreiber2018/ismir2018             &               1.242148e-29 &               2.617457e-17 &                         2.681880e-02 &                      1.139261e-07 &              4.929733e-21 &              1.107961e-15 &              2.376167e-11 &            1.005042e-07 &         8.485971e-01 &           6.728814e-01 &              5.708366e-01 &      2.396805e-09 &       1.064108e-02 &            1.924218e-20 &               2.349494e-17 &           6.960259e-01 &             2.609495e-01 &             2.609495e-01 &       3.296472e-02 &       1.918361e-02 &             1.000000e+00 &                   4.087010e-37 &                   1.644982e-42 &                   4.158669e-30 &        8.495025e-16 &       4.253970e-06 \\
tzanetakis2002/ismir2004\_hist       &               3.683643e-04 &               2.006285e-10 &                         3.152978e-41 &                      1.197405e-19 &              1.797097e-07 &              4.346844e-13 &              1.120119e-19 &            4.773321e-25 &         1.705679e-37 &           1.621961e-34 &              1.432662e-34 &      6.797505e-20 &       2.911275e-29 &            1.219129e-07 &               4.174993e-10 &           1.350353e-36 &             3.384658e-36 &             3.384659e-36 &       5.235333e-40 &       3.913100e-39 &             4.087010e-37 &                   1.000000e+00 &                   6.958976e-01 &                   3.897264e-05 &        1.393013e-13 &       1.233160e-25 \\
tzanetakis2002/ismir2004\_mmul       &               6.664516e-04 &               8.903805e-11 &                         3.257614e-47 &                      6.397068e-20 &              3.033434e-07 &              2.731208e-13 &              2.211405e-17 &            1.223402e-26 &         3.192070e-43 &           1.161900e-39 &              7.396063e-40 &      6.929807e-21 &       2.996480e-32 &            5.159369e-08 &               2.461638e-09 &           3.179222e-43 &             4.028129e-44 &             4.028131e-44 &       4.435591e-50 &       1.536956e-47 &             1.644982e-42 &                   6.958976e-01 &                   1.000000e+00 &                   1.654527e-04 &        6.518511e-15 &       3.343667e-27 \\
tzanetakis2002/ismir2004\_msum       &               6.557363e-01 &               2.260974e-04 &                         5.803469e-36 &                      7.555222e-14 &              4.434605e-02 &              9.542520e-06 &              2.017413e-09 &            1.246120e-15 &         5.595175e-32 &           9.607619e-28 &              1.182295e-27 &      3.933792e-11 &       6.909912e-22 &            6.008912e-03 &               4.533159e-04 &           2.043203e-29 &             7.530139e-31 &             7.530142e-31 &       8.484071e-34 &       7.933423e-34 &             4.158669e-30 &                   3.897264e-05 &                   1.654527e-04 &                   1.000000e+00 &        6.871761e-07 &       8.145430e-17 \\
uhle2004/ismir2004                  &               2.418467e-06 &               4.045842e-01 &                         5.124409e-22 &                      1.073966e-02 &              4.431437e-03 &              8.014869e-01 &              2.618531e-01 &            1.283249e-03 &         1.349511e-17 &           6.809485e-13 &              5.289430e-13 &      2.031768e-02 &       5.315417e-09 &            7.359823e-02 &               2.901397e-01 &           4.342832e-15 &             2.127802e-17 &             2.127803e-17 &       1.992993e-19 &       5.191039e-19 &             8.495025e-16 &                   1.393013e-13 &                   6.518511e-15 &                   6.871761e-07 &        1.000000e+00 &       6.124205e-05 \\
zplane/auftakt\_v3                   &               1.843921e-18 &               1.964333e-07 &                         5.862475e-09 &                      9.761445e-02 &              2.052439e-10 &              8.511780e-05 &              2.099873e-03 &            2.678061e-01 &         8.580774e-06 &           1.969091e-05 &              1.699964e-05 &      2.031519e-02 &       3.551529e-02 &            8.927410e-09 &               1.619944e-07 &           1.110314e-06 &             4.825849e-09 &             4.825851e-09 &       4.136654e-09 &       1.345643e-09 &             4.253970e-06 &                   1.233160e-25 &                   3.343667e-27 &                   8.145430e-17 &        6.124205e-05 &       1.000000e+00 \\
\bottomrule
\end{tabular}
