\begin{tabular}{lrrrrrrrrrrrrrrrrrrrrrrrrrrr}
\toprule
{} &  alonso2004/ismir2004\_corr &  alonso2004/ismir2004\_spec &  boeck2015/tempodetector2016\_default &  davies2009/mirex\_qm\_tempotracker &  dixon2001/ismir2004\_indu &  dixon2001/ismir2004\_trac &  dixon2003/ismir2004\_auco &  echonest/version\_3\_2\_1 &  gkiokas2012/default &  klapuri2006/ismir2004 &  klapuri2006/percival2014 &  oliveira2010/ibt &  percival2014/stem &  scheirer1998/ismir2004 &  scheirer1998/percival2014 &  schreiber2014/default &  schreiber2017/ismir2017 &  schreiber2017/mirex2017 &  schreiber2018/cnn &  schreiber2018/fcn &  schreiber2018/ismir2018 &  sun2021/default &  tzanetakis2002/ismir2004\_hist &  tzanetakis2002/ismir2004\_mmul &  tzanetakis2002/ismir2004\_msum &  uhle2004/ismir2004 &  zplane/auftakt\_v3 \\
Estimator                           &                            &                            &                                      &                                   &                           &                           &                           &                         &                      &                        &                           &                   &                    &                         &                            &                        &                          &                          &                    &                    &                          &                  &                                &                                &                                &                     &                    \\
\midrule
alonso2004/ismir2004\_corr           &               1.000000e+00 &               4.972409e-09 &                         2.257277e-12 &                      2.855342e-04 &              1.068005e-01 &              7.279317e-10 &              9.183971e-14 &            8.276231e-29 &         8.260782e-16 &           1.889006e-21 &              3.460665e-22 &      6.513144e-15 &       1.477706e-30 &            1.014510e-08 &               2.328490e-17 &           2.697171e-44 &             4.567240e-34 &             1.231571e-74 &       2.362710e-27 &       1.892432e-27 &             3.300104e-19 &     2.702671e-23 &                   6.898707e-24 &                   1.633422e-03 &                   1.851986e-01 &        4.034268e-04 &       2.499633e-22 \\
alonso2004/ismir2004\_spec           &               4.972409e-09 &               1.000000e+00 &                         4.756893e-01 &                      9.343430e-03 &              9.843502e-13 &              2.589494e-26 &              8.671053e-36 &            3.665086e-09 &         3.910982e-02 &           3.501427e-03 &              1.425034e-03 &      3.446457e-01 &       7.023251e-08 &            7.640322e-01 &               5.331113e-03 &           6.966259e-18 &             1.360022e-11 &             2.949508e-50 &       1.639775e-06 &       1.965677e-08 &             6.897153e-03 &     2.239188e-04 &                   1.329259e-38 &                   6.015606e-16 &                   2.743990e-10 &        1.142849e-02 &       6.885674e-04 \\
boeck2015/tempodetector2016\_default &               2.257277e-12 &               4.756893e-01 &                         1.000000e+00 &                      1.513177e-05 &              7.832400e-17 &              7.399950e-39 &              4.431688e-48 &            4.856692e-08 &         1.132014e-01 &           3.659879e-03 &              1.029990e-03 &      6.841656e-01 &       1.144248e-07 &            2.780546e-01 &               2.223020e-01 &           1.885489e-19 &             6.049663e-11 &             3.195655e-42 &       5.103920e-07 &       4.099879e-09 &             5.806456e-03 &     2.820945e-04 &                   8.804075e-55 &                   4.752153e-26 &                   3.223672e-15 &        1.683660e-04 &       5.797000e-04 \\
davies2009/mirex\_qm\_tempotracker    &               2.855342e-04 &               9.343430e-03 &                         1.513177e-05 &                      1.000000e+00 &              3.907611e-08 &              9.595627e-25 &              4.176766e-30 &            1.961975e-17 &         1.236869e-07 &           6.631105e-21 &              1.270561e-22 &      1.244828e-10 &       2.676475e-22 &            5.962698e-03 &               9.636295e-09 &           5.074829e-36 &             8.253809e-26 &             3.928867e-59 &       2.679994e-19 &       3.922536e-18 &             7.889213e-14 &     1.586947e-12 &                   1.509035e-41 &                   5.945171e-16 &                   3.745044e-07 &        9.343801e-01 &       1.770831e-16 \\
dixon2001/ismir2004\_indu            &               1.068005e-01 &               9.843502e-13 &                         7.832400e-17 &                      3.907611e-08 &              1.000000e+00 &              9.519446e-07 &              3.589015e-09 &            5.258075e-32 &         2.096611e-20 &           1.904320e-28 &              1.279081e-29 &      7.963542e-19 &       2.048481e-34 &            2.783821e-13 &               1.475343e-19 &           9.023747e-54 &             1.769161e-42 &             2.284810e-77 &       2.479689e-32 &       5.558499e-34 &             1.330831e-23 &     3.360435e-25 &                   1.167071e-19 &                   8.806287e-02 &                   7.788013e-01 &        3.514283e-07 &       2.139209e-29 \\
dixon2001/ismir2004\_trac            &               7.279317e-10 &               2.589494e-26 &                         7.399950e-39 &                      9.595627e-25 &              9.519446e-07 &              1.000000e+00 &              3.158601e-02 &            4.842679e-57 &         1.892370e-43 &           5.043056e-54 &              5.337616e-55 &      8.626736e-45 &       1.476666e-56 &            9.105698e-26 &               8.451898e-38 &           1.067397e-77 &             4.533606e-60 &            3.061571e-103 &       1.684311e-59 &       1.830023e-59 &             2.030423e-48 &     1.781424e-48 &                   3.296965e-07 &                   4.066462e-04 &                   1.501206e-07 &        5.481665e-23 &       1.031355e-53 \\
dixon2003/ismir2004\_auco            &               9.183971e-14 &               8.671053e-36 &                         4.431688e-48 &                      4.176766e-30 &              3.589015e-09 &              3.158601e-02 &              1.000000e+00 &            3.286943e-69 &         1.823576e-48 &           5.947564e-63 &              2.503281e-65 &      9.306868e-56 &       2.360720e-66 &            3.593117e-37 &               6.476426e-46 &           1.755371e-88 &             2.154083e-73 &            5.595595e-120 &       4.508118e-72 &       1.728353e-72 &             2.399273e-62 &     1.702837e-65 &                   2.035728e-05 &                   1.024326e-05 &                   2.509863e-09 &        4.945471e-27 &       1.086045e-64 \\
echonest/version\_3\_2\_1              &               8.276231e-29 &               3.665086e-09 &                         4.856692e-08 &                      1.961975e-17 &              5.258075e-32 &              4.842679e-57 &              3.286943e-69 &            1.000000e+00 &         1.632990e-05 &           9.873655e-04 &              2.781102e-03 &      4.506504e-08 &       3.844854e-01 &            3.608568e-10 &               6.738876e-03 &           5.568220e-04 &             4.753977e-01 &             3.247538e-25 &       2.028793e-01 &       9.811449e-01 &             6.093062e-04 &     8.087638e-03 &                   1.120259e-64 &                   3.642765e-40 &                   1.032399e-30 &        6.097797e-17 &       3.204050e-03 \\
gkiokas2012/default                 &               8.260782e-16 &               3.910982e-02 &                         1.132014e-01 &                      1.236869e-07 &              2.096611e-20 &              1.892370e-43 &              1.823576e-48 &            1.632990e-05 &         1.000000e+00 &           2.594562e-01 &              1.415585e-01 &      2.450800e-01 &       1.270556e-04 &            1.955660e-02 &               5.817397e-01 &           7.096932e-14 &             3.606307e-07 &             1.405424e-36 &       8.239437e-04 &       1.708535e-05 &             3.025170e-01 &     5.358120e-02 &                   1.253640e-55 &                   1.170239e-29 &                   1.902166e-19 &        2.219939e-07 &       7.419238e-02 \\
klapuri2006/ismir2004               &               1.889006e-21 &               3.501427e-03 &                         3.659879e-03 &                      6.631105e-21 &              1.904320e-28 &              5.043056e-54 &              5.947564e-63 &            9.873655e-04 &         2.594562e-01 &           1.000000e+00 &              9.884579e-02 &      1.114662e-04 &       1.668148e-04 &            2.220981e-04 &               1.932611e-01 &           1.428917e-14 &             1.942012e-06 &             3.973236e-35 &       1.324729e-02 &       6.961472e-04 &             9.466967e-01 &     3.653250e-01 &                   3.528784e-67 &                   4.168918e-44 &                   9.273504e-26 &        2.753373e-14 &       3.821715e-01 \\
klapuri2006/percival2014            &               3.460665e-22 &               1.425034e-03 &                         1.029990e-03 &                      1.270561e-22 &              1.279081e-29 &              5.337616e-55 &              2.503281e-65 &            2.781102e-03 &         1.415585e-01 &           9.884579e-02 &              1.000000e+00 &      4.629760e-06 &       8.122896e-04 &            4.874374e-05 &               8.811780e-02 &           1.054140e-13 &             4.535246e-06 &             8.266786e-34 &       3.442038e-02 &       2.104095e-03 &             5.980174e-01 &     5.826120e-01 &                   1.607188e-68 &                   6.821360e-46 &                   6.067667e-27 &        9.598851e-16 &       7.013675e-01 \\
oliveira2010/ibt                    &               6.513144e-15 &               3.446457e-01 &                         6.841656e-01 &                      1.244828e-10 &              7.963542e-19 &              8.626736e-45 &              9.306868e-56 &            4.506504e-08 &         2.450800e-01 &           1.114662e-04 &              4.629760e-06 &      1.000000e+00 &       1.149038e-09 &            1.192552e-01 &               1.328140e-01 &           1.357029e-21 &             4.966040e-12 &             6.246461e-46 &       8.488363e-07 &       1.253061e-07 &             5.420592e-03 &     8.248304e-04 &                   1.422734e-59 &                   1.856938e-33 &                   5.072617e-18 &        9.326306e-07 &       2.294147e-05 \\
percival2014/stem                   &               1.477706e-30 &               7.023251e-08 &                         1.144248e-07 &                      2.676475e-22 &              2.048481e-34 &              1.476666e-56 &              2.360720e-66 &            3.844854e-01 &         1.270556e-04 &           1.668148e-04 &              8.122896e-04 &      1.149038e-09 &       1.000000e+00 &            1.247700e-10 &               1.721720e-04 &           9.318792e-07 &             5.040480e-02 &             1.588094e-26 &       6.404859e-01 &       4.432714e-01 &             1.880615e-03 &     4.811433e-02 &                   1.893189e-68 &                   1.304210e-45 &                   5.001787e-31 &        1.174640e-20 &       6.716751e-03 \\
scheirer1998/ismir2004              &               1.014510e-08 &               7.640322e-01 &                         2.780546e-01 &                      5.962698e-03 &              2.783821e-13 &              9.105698e-26 &              3.593117e-37 &            3.608568e-10 &         1.955660e-02 &           2.220981e-04 &              4.874374e-05 &      1.192552e-01 &       1.247700e-10 &            1.000000e+00 &               1.979995e-03 &           1.219451e-22 &             3.282841e-14 &             1.761884e-51 &       8.440585e-08 &       7.962532e-10 &             6.694447e-04 &     3.238348e-05 &                   3.663797e-42 &                   7.131035e-18 &                   3.382938e-11 &        1.254873e-02 &       2.436869e-05 \\
scheirer1998/percival2014           &               2.328490e-17 &               5.331113e-03 &                         2.223020e-01 &                      9.636295e-09 &              1.475343e-19 &              8.451898e-38 &              6.476426e-46 &            6.738876e-03 &         5.817397e-01 &           1.932611e-01 &              8.811780e-02 &      1.328140e-01 &       1.721720e-04 &            1.979995e-03 &               1.000000e+00 &           6.286618e-12 &             6.407646e-06 &             2.860717e-34 &       9.284815e-03 &       8.862735e-04 &             5.537692e-01 &     1.081948e-01 &                   6.715982e-48 &                   7.848050e-29 &                   7.922394e-18 &        1.904714e-07 &       2.414597e-01 \\
schreiber2014/default               &               2.697171e-44 &               6.966259e-18 &                         1.885489e-19 &                      5.074829e-36 &              9.023747e-54 &              1.067397e-77 &              1.755371e-88 &            5.568220e-04 &         7.096932e-14 &           1.428917e-14 &              1.054140e-13 &      1.357029e-21 &       9.318792e-07 &            1.219451e-22 &               6.286618e-12 &           1.000000e+00 &             3.868554e-04 &             3.277512e-14 &       3.846911e-07 &       9.377204e-04 &             1.917793e-13 &     8.408593e-10 &                   1.978443e-81 &                   1.871956e-61 &                   2.084937e-48 &        1.218419e-33 &       2.248251e-12 \\
schreiber2017/ismir2017             &               4.567240e-34 &               1.360022e-11 &                         6.049663e-11 &                      8.253809e-26 &              1.769161e-42 &              4.533606e-60 &              2.154083e-73 &            4.753977e-01 &         3.606307e-07 &           1.942012e-06 &              4.535246e-06 &      4.966040e-12 &       5.040480e-02 &            3.282841e-14 &               6.407646e-06 &           3.868554e-04 &             1.000000e+00 &             2.320678e-22 &       3.450136e-02 &       4.689942e-01 &             5.580044e-06 &     4.616284e-04 &                   2.888869e-74 &                   1.891279e-53 &                   2.687931e-38 &        1.765969e-23 &       1.783004e-05 \\
schreiber2017/mirex2017             &               1.231571e-74 &               2.949508e-50 &                         3.195655e-42 &                      3.928867e-59 &              2.284810e-77 &             3.061571e-103 &             5.595595e-120 &            3.247538e-25 &         1.405424e-36 &           3.973236e-35 &              8.266786e-34 &      6.246461e-46 &       1.588094e-26 &            1.761884e-51 &               2.860717e-34 &           3.277512e-14 &             2.320678e-22 &             1.000000e+00 &       8.741493e-26 &       1.652811e-21 &             1.211069e-33 &     4.334524e-32 &                  1.463176e-102 &                   6.292967e-88 &                   3.542520e-74 &        2.794109e-55 &       2.932843e-34 \\
schreiber2018/cnn                   &               2.362710e-27 &               1.639775e-06 &                         5.103920e-07 &                      2.679994e-19 &              2.479689e-32 &              1.684311e-59 &              4.508118e-72 &            2.028793e-01 &         8.239437e-04 &           1.324729e-02 &              3.442038e-02 &      8.488363e-07 &       6.404859e-01 &            8.440585e-08 &               9.284815e-03 &           3.846911e-07 &             3.450136e-02 &             8.741493e-26 &       1.000000e+00 &       1.479129e-01 &             3.286761e-03 &     1.198514e-01 &                   9.834640e-64 &                   3.635136e-39 &                   1.455868e-27 &        5.030349e-16 &       7.025340e-02 \\
schreiber2018/fcn                   &               1.892432e-27 &               1.965677e-08 &                         4.099879e-09 &                      3.922536e-18 &              5.558499e-34 &              1.830023e-59 &              1.728353e-72 &            9.811449e-01 &         1.708535e-05 &           6.961472e-04 &              2.104095e-03 &      1.253061e-07 &       4.432714e-01 &            7.962532e-10 &               8.862735e-04 &           9.377204e-04 &             4.689942e-01 &             1.652811e-21 &       1.479129e-01 &       1.000000e+00 &             2.514872e-04 &     5.933093e-03 &                   4.869830e-63 &                   2.169685e-40 &                   1.979582e-30 &        8.159469e-17 &       4.222537e-03 \\
schreiber2018/ismir2018             &               3.300104e-19 &               6.897153e-03 &                         5.806456e-03 &                      7.889213e-14 &              1.330831e-23 &              2.030423e-48 &              2.399273e-62 &            6.093062e-04 &         3.025170e-01 &           9.466967e-01 &              5.980174e-01 &      5.420592e-03 &       1.880615e-03 &            6.694447e-04 &               5.537692e-01 &           1.917793e-13 &             5.580044e-06 &             1.211069e-33 &       3.286761e-03 &       2.514872e-04 &             1.000000e+00 &     2.994781e-01 &                   9.780169e-59 &                   1.108094e-32 &                   8.243337e-21 &        2.669292e-11 &       4.255441e-01 \\
sun2021/default                     &               2.702671e-23 &               2.239188e-04 &                         2.820945e-04 &                      1.586947e-12 &              3.360435e-25 &              1.781424e-48 &              1.702837e-65 &            8.087638e-03 &         5.358120e-02 &           3.653250e-01 &              5.826120e-01 &      8.248304e-04 &       4.811433e-02 &            3.238348e-05 &               1.081948e-01 &           8.408593e-10 &             4.616284e-04 &             4.334524e-32 &       1.198514e-01 &       5.933093e-03 &             2.994781e-01 &     1.000000e+00 &                   6.502087e-58 &                   1.993929e-33 &                   8.975251e-22 &        8.094831e-12 &       7.872957e-01 \\
tzanetakis2002/ismir2004\_hist       &               6.898707e-24 &               1.329259e-38 &                         8.804075e-55 &                      1.509035e-41 &              1.167071e-19 &              3.296965e-07 &              2.035728e-05 &            1.120259e-64 &         1.253640e-55 &           3.528784e-67 &              1.607188e-68 &      1.422734e-59 &       1.893189e-68 &            3.663797e-42 &               6.715982e-48 &           1.978443e-81 &             2.888869e-74 &            1.463176e-102 &       9.834640e-64 &       4.869830e-63 &             9.780169e-59 &     6.502087e-58 &                   1.000000e+00 &                   1.620574e-28 &                   9.790221e-35 &        1.483839e-40 &       4.377161e-67 \\
tzanetakis2002/ismir2004\_mmul       &               1.633422e-03 &               6.015606e-16 &                         4.752153e-26 &                      5.945171e-16 &              8.806287e-02 &              4.066462e-04 &              1.024326e-05 &            3.642765e-40 &         1.170239e-29 &           4.168918e-44 &              6.821360e-46 &      1.856938e-33 &       1.304210e-45 &            7.131035e-18 &               7.848050e-29 &           1.871956e-61 &             1.891279e-53 &             6.292967e-88 &       3.635136e-39 &       2.169685e-40 &             1.108094e-32 &     1.993929e-33 &                   1.620574e-28 &                   1.000000e+00 &                   3.369754e-03 &        9.845827e-14 &       3.324733e-42 \\
tzanetakis2002/ismir2004\_msum       &               1.851986e-01 &               2.743990e-10 &                         3.223672e-15 &                      3.745044e-07 &              7.788013e-01 &              1.501206e-07 &              2.509863e-09 &            1.032399e-30 &         1.902166e-19 &           9.273504e-26 &              6.067667e-27 &      5.072617e-18 &       5.001787e-31 &            3.382938e-11 &               7.922394e-18 &           2.084937e-48 &             2.687931e-38 &             3.542520e-74 &       1.455868e-27 &       1.979582e-30 &             8.243337e-21 &     8.975251e-22 &                   9.790221e-35 &                   3.369754e-03 &                   1.000000e+00 &        1.353540e-06 &       4.641031e-26 \\
uhle2004/ismir2004                  &               4.034268e-04 &               1.142849e-02 &                         1.683660e-04 &                      9.343801e-01 &              3.514283e-07 &              5.481665e-23 &              4.945471e-27 &            6.097797e-17 &         2.219939e-07 &           2.753373e-14 &              9.598851e-16 &      9.326306e-07 &       1.174640e-20 &            1.254873e-02 &               1.904714e-07 &           1.218419e-33 &             1.765969e-23 &             2.794109e-55 &       5.030349e-16 &       8.159469e-17 &             2.669292e-11 &     8.094831e-12 &                   1.483839e-40 &                   9.845827e-14 &                   1.353540e-06 &        1.000000e+00 &       3.268809e-13 \\
zplane/auftakt\_v3                   &               2.499633e-22 &               6.885674e-04 &                         5.797000e-04 &                      1.770831e-16 &              2.139209e-29 &              1.031355e-53 &              1.086045e-64 &            3.204050e-03 &         7.419238e-02 &           3.821715e-01 &              7.013675e-01 &      2.294147e-05 &       6.716751e-03 &            2.436869e-05 &               2.414597e-01 &           2.248251e-12 &             1.783004e-05 &             2.932843e-34 &       7.025340e-02 &       4.222537e-03 &             4.255441e-01 &     7.872957e-01 &                   4.377161e-67 &                   3.324733e-42 &                   4.641031e-26 &        3.268809e-13 &       1.000000e+00 \\
\bottomrule
\end{tabular}
