\begin{tabular}{lrrrrrrrrrrrrrrrrrrrrrrrrrr}
\toprule
{} &  alonso2004/ismir2004\_corr &  alonso2004/ismir2004\_spec &  boeck2015/tempodetector2016\_default &  davies2009/mirex\_qm\_tempotracker &  dixon2001/ismir2004\_indu &  dixon2001/ismir2004\_trac &  dixon2003/ismir2004\_auco &  echonest/version\_3\_2\_1 &  gkiokas2012/default &  klapuri2006/ismir2004 &  klapuri2006/percival2014 &  oliveira2010/ibt &  percival2014/stem &  scheirer1998/ismir2004 &  scheirer1998/percival2014 &  schreiber2014/default &  schreiber2017/ismir2017 &  schreiber2017/mirex2017 &  schreiber2018/cnn &  schreiber2018/fcn &  schreiber2018/ismir2018 &  tzanetakis2002/ismir2004\_hist &  tzanetakis2002/ismir2004\_mmul &  tzanetakis2002/ismir2004\_msum &  uhle2004/ismir2004 &  zplane/auftakt\_v3 \\
Estimator                           &                            &                            &                                      &                                   &                           &                           &                           &                         &                      &                        &                           &                   &                    &                         &                            &                        &                          &                          &                    &                    &                          &                                &                                &                                &                     &                    \\
\midrule
alonso2004/ismir2004\_corr           &               1.000000e+00 &               9.297560e-01 &                         4.520316e-02 &                      2.738480e-02 &              1.716422e-02 &              1.051277e-01 &              1.638487e-01 &            2.900477e-01 &         1.184324e-01 &           8.881381e-03 &              1.462096e-02 &      8.085636e-02 &       1.568788e-02 &            3.170955e-01 &               2.783053e-01 &           1.156452e-03 &             1.475858e-03 &             1.205653e-02 &       1.496813e-02 &       1.096680e-02 &             4.049645e-03 &                   6.727120e-10 &                   1.533179e-02 &                   8.712426e-03 &        1.635512e-01 &       1.036643e-03 \\
alonso2004/ismir2004\_spec           &               9.297560e-01 &               1.000000e+00 &                         7.317106e-02 &                      4.872479e-03 &              2.668685e-03 &              1.560348e-01 &              5.906993e-02 &            4.127537e-01 &         2.656786e-01 &           2.019762e-02 &              4.240507e-02 &      1.300689e-01 &       2.177620e-02 &            1.381108e-01 &               4.093692e-01 &           1.395398e-03 &             1.841764e-03 &             2.412079e-02 &       3.162344e-02 &       2.017022e-02 &             5.552396e-03 &                   2.142002e-10 &                   3.172618e-03 &                   3.020711e-03 &        8.993586e-02 &       4.593340e-03 \\
boeck2015/tempodetector2016\_default &               4.520316e-02 &               7.317106e-02 &                         1.000000e+00 &                      2.757782e-11 &              4.733503e-08 &              6.307224e-06 &              3.817436e-06 &            2.168613e-01 &         2.891689e-01 &           2.270650e-01 &              4.481983e-01 &      9.750487e-01 &       2.673828e-01 &            4.814955e-04 &               5.036604e-01 &           1.778255e-03 &             2.742034e-03 &             2.303436e-01 &       2.830716e-01 &       2.109822e-01 &             1.812175e-02 &                   6.195299e-19 &                   1.658221e-06 &                   1.416590e-07 &        4.560390e-06 &       1.412284e-02 \\
davies2009/mirex\_qm\_tempotracker    &               2.738480e-02 &               4.872479e-03 &                         2.757782e-11 &                      1.000000e+00 &              4.222792e-01 &              5.739281e-01 &              3.704548e-01 &            4.880211e-05 &         1.473253e-07 &           2.592020e-12 &              6.290294e-12 &      1.261242e-06 &       3.874917e-11 &            3.026126e-01 &               6.332428e-04 &           1.289376e-15 &             7.816962e-15 &             3.100319e-12 &       6.530006e-10 &       7.172025e-12 &             1.060426e-12 &                   2.647561e-07 &                   3.323479e-01 &                   3.349300e-01 &        3.654335e-01 &       2.314416e-12 \\
dixon2001/ismir2004\_indu            &               1.716422e-02 &               2.668685e-03 &                         4.733503e-08 &                      4.222792e-01 &              1.000000e+00 &              1.334300e-01 &              1.401551e-01 &            9.472087e-05 &         1.392916e-06 &           6.908688e-09 &              8.847486e-09 &      6.192348e-06 &       4.729021e-08 &            1.542275e-01 &               4.657933e-04 &           3.378247e-10 &             1.131076e-10 &             7.122692e-09 &       3.594458e-08 &       9.558276e-09 &             1.392745e-09 &                   1.160670e-05 &                   7.693067e-01 &                   8.545884e-01 &        1.616243e-01 &       3.608106e-10 \\
dixon2001/ismir2004\_trac            &               1.051277e-01 &               1.560348e-01 &                         6.307224e-06 &                      5.739281e-01 &              1.334300e-01 &              1.000000e+00 &              5.861940e-01 &            3.400774e-03 &         1.262520e-04 &           2.415352e-07 &              1.475186e-05 &      5.542858e-04 &       1.271170e-05 &            8.619611e-01 &               1.576340e-02 &           1.472158e-07 &             1.716158e-07 &             2.211669e-06 &       8.764909e-06 &       2.947515e-06 &             6.610014e-07 &                   5.526521e-07 &                   2.492221e-01 &                   3.384674e-01 &        7.899379e-01 &       1.425057e-07 \\
dixon2003/ismir2004\_auco            &               1.638487e-01 &               5.906993e-02 &                         3.817436e-06 &                      3.704548e-01 &              1.401551e-01 &              5.861940e-01 &              1.000000e+00 &            5.442500e-03 &         2.498001e-04 &           1.187284e-07 &              1.453260e-06 &      2.301526e-04 &       1.308782e-06 &            7.979715e-01 &               1.171409e-02 &           6.388568e-09 &             6.017523e-09 &             2.526679e-07 &       8.926995e-07 &       3.379415e-07 &             1.411117e-07 &                   9.713552e-10 &                   1.010762e-01 &                   9.307196e-02 &        9.603917e-01 &       2.343626e-08 \\
echonest/version\_3\_2\_1              &               2.900477e-01 &               4.127537e-01 &                         2.168613e-01 &                      4.880211e-05 &              9.472087e-05 &              3.400774e-03 &              5.442500e-03 &            1.000000e+00 &         5.694637e-01 &           2.673093e-02 &              4.999590e-02 &      2.995859e-01 &       5.885095e-02 &            2.001708e-02 &               7.225612e-01 &           1.407006e-03 &             1.637113e-03 &             4.844416e-02 &       5.305648e-02 &       3.840422e-02 &             7.333977e-03 &                   9.232817e-14 &                   4.197864e-04 &                   1.686146e-04 &        7.094497e-03 &       1.512558e-03 \\
gkiokas2012/default                 &               1.184324e-01 &               2.656786e-01 &                         2.891689e-01 &                      1.473253e-07 &              1.392916e-06 &              1.262520e-04 &              2.498001e-04 &            5.694637e-01 &         1.000000e+00 &           2.749308e-02 &              9.816815e-02 &      5.626188e-01 &       1.024340e-01 &            2.640054e-03 &               8.134248e-01 &           1.292280e-04 &             1.494168e-04 &             2.958319e-02 &       4.132148e-02 &       1.556046e-02 &             3.075021e-03 &                   5.597834e-16 &                   1.477187e-05 &                   3.757877e-06 &        1.686174e-04 &       1.478543e-03 \\
klapuri2006/ismir2004               &               8.881381e-03 &               2.019762e-02 &                         2.270650e-01 &                      2.592020e-12 &              6.908688e-09 &              2.415352e-07 &              1.187284e-07 &            2.673093e-02 &         2.749308e-02 &           1.000000e+00 &              5.639525e-01 &      3.531361e-01 &       9.705272e-01 &            4.204238e-05 &               1.212253e-01 &           1.416274e-01 &             1.537149e-01 &             6.410737e-01 &       7.869917e-01 &       9.152475e-01 &             4.563443e-01 &                   2.089521e-19 &                   8.735870e-08 &                   1.226834e-08 &        1.204035e-06 &       1.222325e-01 \\
klapuri2006/percival2014            &               1.462096e-02 &               4.240507e-02 &                         4.481983e-01 &                      6.290294e-12 &              8.847486e-09 &              1.475186e-05 &              1.453260e-06 &            4.999590e-02 &         9.816815e-02 &           5.639525e-01 &              1.000000e+00 &      5.435399e-01 &       8.067832e-01 &            1.144813e-04 &               2.471238e-01 &           5.628796e-02 &             6.330866e-02 &             9.718880e-01 &       8.718394e-01 &       7.298885e-01 &             2.338278e-01 &                   1.956186e-18 &                   3.794309e-07 &                   6.303021e-08 &        3.312978e-06 &       4.939076e-02 \\
oliveira2010/ibt                    &               8.085636e-02 &               1.300689e-01 &                         9.750487e-01 &                      1.261242e-06 &              6.192348e-06 &              5.542858e-04 &              2.301526e-04 &            2.995859e-01 &         5.626188e-01 &           3.531361e-01 &              5.435399e-01 &      1.000000e+00 &       4.192709e-01 &            2.094865e-03 &               3.731897e-01 &           4.377917e-02 &             4.209004e-02 &             4.973916e-01 &       4.794695e-01 &       4.294216e-01 &             1.433346e-01 &                   9.983303e-16 &                   1.361174e-05 &                   2.986510e-06 &        3.052600e-04 &       3.659618e-02 \\
percival2014/stem                   &               1.568788e-02 &               2.177620e-02 &                         2.673828e-01 &                      3.874917e-11 &              4.729021e-08 &              1.271170e-05 &              1.308782e-06 &            5.885095e-02 &         1.024340e-01 &           9.705272e-01 &              8.067832e-01 &      4.192709e-01 &       1.000000e+00 &            1.556503e-04 &               2.577441e-01 &           1.407870e-01 &             1.408823e-01 &             7.158331e-01 &       8.311908e-01 &       9.584772e-01 &             4.366191e-01 &                   6.223413e-17 &                   5.971999e-07 &                   1.345082e-07 &        7.668073e-06 &       1.546714e-01 \\
scheirer1998/ismir2004              &               3.170955e-01 &               1.381108e-01 &                         4.814955e-04 &                      3.026126e-01 &              1.542275e-01 &              8.619611e-01 &              7.979715e-01 &            2.001708e-02 &         2.640054e-03 &           4.204238e-05 &              1.144813e-04 &      2.094865e-03 &       1.556503e-04 &            1.000000e+00 &               1.790421e-02 &           5.422544e-07 &             6.071763e-07 &             3.671893e-05 &       7.619722e-05 &       2.443304e-05 &             7.355239e-06 &                   1.131703e-06 &                   1.056982e-01 &                   1.042177e-01 &        8.226329e-01 &       2.512018e-06 \\
scheirer1998/percival2014           &               2.783053e-01 &               4.093692e-01 &                         5.036604e-01 &                      6.332428e-04 &              4.657933e-04 &              1.576340e-02 &              1.171409e-02 &            7.225612e-01 &         8.134248e-01 &           1.212253e-01 &              2.471238e-01 &      3.731897e-01 &       2.577441e-01 &            1.790421e-02 &               1.000000e+00 &           1.979103e-02 &             1.796135e-02 &             2.292175e-01 &       2.520045e-01 &       1.389009e-01 &             9.341876e-02 &                   2.493275e-11 &                   2.352945e-04 &                   6.951649e-05 &        1.145668e-02 &       8.430626e-03 \\
schreiber2014/default               &               1.156452e-03 &               1.395398e-03 &                         1.778255e-03 &                      1.289376e-15 &              3.378247e-10 &              1.472158e-07 &              6.388568e-09 &            1.407006e-03 &         1.292280e-04 &           1.416274e-01 &              5.628796e-02 &      4.377917e-02 &       1.407870e-01 &            5.422544e-07 &               1.979103e-02 &           1.000000e+00 &             9.519735e-01 &             1.394170e-02 &       3.553574e-02 &       8.200605e-02 &             4.657648e-01 &                   2.217093e-19 &                   8.787427e-09 &                   1.055652e-09 &        1.755403e-09 &       7.430295e-01 \\
schreiber2017/ismir2017             &               1.475858e-03 &               1.841764e-03 &                         2.742034e-03 &                      7.816962e-15 &              1.131076e-10 &              1.716158e-07 &              6.017523e-09 &            1.637113e-03 &         1.494168e-04 &           1.537149e-01 &              6.330866e-02 &      4.209004e-02 &       1.408823e-01 &            6.071763e-07 &               1.796135e-02 &           9.519735e-01 &             1.000000e+00 &             1.524766e-02 &       6.117565e-02 &       1.029044e-01 &             5.424237e-01 &                   4.461997e-20 &                   4.381207e-09 &                   7.366484e-10 &        4.093259e-09 &       6.982829e-01 \\
schreiber2017/mirex2017             &               1.205653e-02 &               2.412079e-02 &                         2.303436e-01 &                      3.100319e-12 &              7.122692e-09 &              2.211669e-06 &              2.526679e-07 &            4.844416e-02 &         2.958319e-02 &           6.410737e-01 &              9.718880e-01 &      4.973916e-01 &       7.158331e-01 &            3.671893e-05 &               2.292175e-01 &           1.394170e-02 &             1.524766e-02 &             1.000000e+00 &       8.506000e-01 &       6.894847e-01 &             1.373515e-01 &                   2.737845e-19 &                   1.137665e-07 &                   2.210776e-08 &        2.862744e-07 &       4.989867e-02 \\
schreiber2018/cnn                   &               1.496813e-02 &               3.162344e-02 &                         2.830716e-01 &                      6.530006e-10 &              3.594458e-08 &              8.764909e-06 &              8.926995e-07 &            5.305648e-02 &         4.132148e-02 &           7.869917e-01 &              8.718394e-01 &      4.794695e-01 &       8.311908e-01 &            7.619722e-05 &               2.520045e-01 &           3.553574e-02 &             6.117565e-02 &             8.506000e-01 &       1.000000e+00 &       8.139905e-01 &             1.872874e-01 &                   8.034573e-18 &                   3.610484e-07 &                   3.935198e-08 &        2.366848e-06 &       1.063625e-01 \\
schreiber2018/fcn                   &               1.096680e-02 &               2.017022e-02 &                         2.109822e-01 &                      7.172025e-12 &              9.558276e-09 &              2.947515e-06 &              3.379415e-07 &            3.840422e-02 &         1.556046e-02 &           9.152475e-01 &              7.298885e-01 &      4.294216e-01 &       9.584772e-01 &            2.443304e-05 &               1.389009e-01 &           8.200605e-02 &             1.029044e-01 &             6.894847e-01 &       8.139905e-01 &       1.000000e+00 &             2.913529e-01 &                   6.932840e-19 &                   2.101576e-07 &                   2.293567e-08 &        9.648178e-07 &       1.259060e-01 \\
schreiber2018/ismir2018             &               4.049645e-03 &               5.552396e-03 &                         1.812175e-02 &                      1.060426e-12 &              1.392745e-09 &              6.610014e-07 &              1.411117e-07 &            7.333977e-03 &         3.075021e-03 &           4.563443e-01 &              2.338278e-01 &      1.433346e-01 &       4.366191e-01 &            7.355239e-06 &               9.341876e-02 &           4.657648e-01 &             5.424237e-01 &             1.373515e-01 &       1.872874e-01 &       2.913529e-01 &             1.000000e+00 &                   1.878404e-18 &                   4.827229e-08 &                   9.063904e-09 &        9.421616e-08 &       4.328686e-01 \\
tzanetakis2002/ismir2004\_hist       &               6.727120e-10 &               2.142002e-10 &                         6.195299e-19 &                      2.647561e-07 &              1.160670e-05 &              5.526521e-07 &              9.713552e-10 &            9.232817e-14 &         5.597834e-16 &           2.089521e-19 &              1.956186e-18 &      9.983303e-16 &       6.223413e-17 &            1.131703e-06 &               2.493275e-11 &           2.217093e-19 &             4.461997e-20 &             2.737845e-19 &       8.034573e-18 &       6.932840e-19 &             1.878404e-18 &                   1.000000e+00 &                   7.733214e-05 &                   8.030998e-07 &        3.503147e-08 &       3.267744e-20 \\
tzanetakis2002/ismir2004\_mmul       &               1.533179e-02 &               3.172618e-03 &                         1.658221e-06 &                      3.323479e-01 &              7.693067e-01 &              2.492221e-01 &              1.010762e-01 &            4.197864e-04 &         1.477187e-05 &           8.735870e-08 &              3.794309e-07 &      1.361174e-05 &       5.971999e-07 &            1.056982e-01 &               2.352945e-04 &           8.787427e-09 &             4.381207e-09 &             1.137665e-07 &       3.610484e-07 &       2.101576e-07 &             4.827229e-08 &                   7.733214e-05 &                   1.000000e+00 &                   8.930932e-01 &        1.162393e-01 &       9.260796e-09 \\
tzanetakis2002/ismir2004\_msum       &               8.712426e-03 &               3.020711e-03 &                         1.416590e-07 &                      3.349300e-01 &              8.545884e-01 &              3.384674e-01 &              9.307196e-02 &            1.686146e-04 &         3.757877e-06 &           1.226834e-08 &              6.303021e-08 &      2.986510e-06 &       1.345082e-07 &            1.042177e-01 &               6.951649e-05 &           1.055652e-09 &             7.366484e-10 &             2.210776e-08 &       3.935198e-08 &       2.293567e-08 &             9.063904e-09 &                   8.030998e-07 &                   8.930932e-01 &                   1.000000e+00 &        1.010677e-01 &       1.390839e-09 \\
uhle2004/ismir2004                  &               1.635512e-01 &               8.993586e-02 &                         4.560390e-06 &                      3.654335e-01 &              1.616243e-01 &              7.899379e-01 &              9.603917e-01 &            7.094497e-03 &         1.686174e-04 &           1.204035e-06 &              3.312978e-06 &      3.052600e-04 &       7.668073e-06 &            8.226329e-01 &               1.145668e-02 &           1.755403e-09 &             4.093259e-09 &             2.862744e-07 &       2.366848e-06 &       9.648178e-07 &             9.421616e-08 &                   3.503147e-08 &                   1.162393e-01 &                   1.010677e-01 &        1.000000e+00 &       1.830362e-07 \\
zplane/auftakt\_v3                   &               1.036643e-03 &               4.593340e-03 &                         1.412284e-02 &                      2.314416e-12 &              3.608106e-10 &              1.425057e-07 &              2.343626e-08 &            1.512558e-03 &         1.478543e-03 &           1.222325e-01 &              4.939076e-02 &      3.659618e-02 &       1.546714e-01 &            2.512018e-06 &               8.430626e-03 &           7.430295e-01 &             6.982829e-01 &             4.989867e-02 &       1.063625e-01 &       1.259060e-01 &             4.328686e-01 &                   3.267744e-20 &                   9.260796e-09 &                   1.390839e-09 &        1.830362e-07 &       1.000000e+00 \\
\bottomrule
\end{tabular}
