\begin{tabular}{lrrrrrrrrrrrrrrrrrrrrrrrrrrr}
\toprule
{} &  alonso2004/ismir2004\_corr &  alonso2004/ismir2004\_spec &  boeck2015/tempodetector2016\_default &  davies2009/mirex\_qm\_tempotracker &  dixon2001/ismir2004\_indu &  dixon2001/ismir2004\_trac &  dixon2003/ismir2004\_auco &  echonest/version\_3\_2\_1 &  gkiokas2012/default &  klapuri2006/ismir2004 &  klapuri2006/percival2014 &  oliveira2010/ibt &  percival2014/stem &  scheirer1998/ismir2004 &  scheirer1998/percival2014 &  schreiber2014/default &  schreiber2017/ismir2017 &  schreiber2017/mirex2017 &  schreiber2018/cnn &  schreiber2018/fcn &  schreiber2018/ismir2018 &  sun2021/default &  tzanetakis2002/ismir2004\_hist &  tzanetakis2002/ismir2004\_mmul &  tzanetakis2002/ismir2004\_msum &  uhle2004/ismir2004 &  zplane/auftakt\_v3 \\
Estimator                           &                            &                            &                                      &                                   &                           &                           &                           &                         &                      &                        &                           &                   &                    &                         &                            &                        &                          &                          &                    &                    &                          &                  &                                &                                &                                &                     &                    \\
\midrule
alonso2004/ismir2004\_corr           &               1.000000e+00 &               2.306404e-05 &                         5.646862e-47 &                      1.751798e-20 &              9.630369e-02 &              7.331662e-05 &              8.179618e-12 &            2.630989e-16 &         9.027730e-37 &           8.127113e-36 &              1.181035e-33 &      1.705868e-12 &       4.078087e-29 &            1.205406e-04 &               3.158505e-02 &           2.542956e-36 &             5.800311e-37 &             4.907593e-48 &       7.387690e-41 &       8.730991e-42 &             3.772581e-38 &     1.204972e-33 &                   8.198413e-04 &                   9.599088e-08 &                   8.567344e-02 &        7.471861e-08 &       6.540692e-22 \\
alonso2004/ismir2004\_spec           &               2.306404e-05 &               1.000000e+00 &                         1.722857e-32 &                      4.302532e-08 &              3.317137e-02 &              1.000000e+00 &              1.279955e-03 &            2.938961e-05 &         3.089822e-23 &           4.314226e-22 &              2.788350e-19 &      8.086333e-04 &       2.544960e-15 &            8.101812e-01 &               1.257537e-01 &           4.696614e-24 &             4.704346e-23 &             2.054958e-33 &       7.520858e-27 &       3.349686e-29 &             1.454314e-24 &     1.399522e-21 &                   9.634919e-13 &                   2.892171e-18 &                   1.000481e-07 &        1.814492e-01 &       4.933400e-09 \\
boeck2015/tempodetector2016\_default &               5.646862e-47 &               1.722857e-32 &                         1.000000e+00 &                      5.632908e-13 &              2.532689e-36 &              3.055488e-29 &              9.440274e-20 &            1.315187e-17 &         5.461127e-04 &           6.426576e-03 &              1.060447e-04 &      1.181000e-21 &       2.716853e-08 &            3.073662e-27 &               8.935183e-36 &           1.254095e-02 &             7.000367e-03 &             1.000000e+00 &       5.010246e-02 &       3.449285e-01 &             2.006161e-02 &     8.213953e-04 &                   1.017101e-60 &                   1.448663e-64 &                   2.101759e-51 &        2.093279e-26 &       2.083544e-14 \\
davies2009/mirex\_qm\_tempotracker    &               1.751798e-20 &               4.302532e-08 &                         5.632908e-13 &                      1.000000e+00 &              8.905413e-15 &              6.301848e-08 &              2.548587e-02 &            1.257864e-01 &         2.786234e-07 &           2.746577e-07 &              3.328235e-05 &      1.648866e-02 &       2.949349e-02 &            5.755950e-07 &               6.702575e-11 &           1.512978e-07 &             1.584926e-06 &             6.813783e-12 &       4.466175e-09 &       8.957424e-11 &             6.901424e-09 &     1.876280e-05 &                   1.086276e-32 &                   6.886763e-42 &                   5.872070e-28 &        1.237999e-05 &       9.131161e-01 \\
dixon2001/ismir2004\_indu            &               9.630369e-02 &               3.317137e-02 &                         2.532689e-36 &                      8.905413e-15 &              1.000000e+00 &              1.293509e-02 &              3.282613e-09 &            1.015465e-09 &         4.386134e-31 &           3.536284e-30 &              4.350270e-26 &      8.701199e-08 &       1.804139e-20 &            1.272535e-02 &               6.298545e-01 &           1.060063e-30 &             3.806414e-29 &             2.737398e-40 &       4.012554e-35 &       1.185132e-37 &             4.116489e-33 &     1.373341e-28 &                   2.704485e-07 &                   5.186649e-13 &                   4.270152e-04 &        4.046413e-04 &       6.830699e-13 \\
dixon2001/ismir2004\_trac            &               7.331662e-05 &               1.000000e+00 &                         3.055488e-29 &                      6.301848e-08 &              1.293509e-02 &              1.000000e+00 &              5.643890e-04 &            8.303070e-05 &         5.681958e-23 &           2.815818e-22 &              2.076141e-19 &      1.282184e-03 &       1.660195e-13 &            8.707092e-01 &               1.172267e-01 &           1.975129e-22 &             6.354785e-22 &             2.275273e-31 &       5.928489e-26 &       1.149860e-29 &             5.054906e-26 &     8.634558e-20 &                   1.401573e-13 &                   2.701372e-19 &                   1.573617e-08 &        2.104977e-01 &       2.266101e-08 \\
dixon2003/ismir2004\_auco            &               8.179618e-12 &               1.279955e-03 &                         9.440274e-20 &                      2.548587e-02 &              3.282613e-09 &              5.643890e-04 &              1.000000e+00 &            5.228167e-01 &         1.847759e-12 &           4.026516e-12 &              1.862152e-09 &      9.284440e-01 &       4.153330e-05 &            5.959526e-03 &               3.255086e-06 &           4.825422e-13 &             4.698103e-12 &             9.440274e-20 &       1.831619e-14 &       1.236159e-17 &             1.052160e-14 &     3.623247e-11 &                   1.898771e-22 &                   2.288210e-27 &                   2.606816e-16 &        4.920279e-02 &       1.422813e-02 \\
echonest/version\_3\_2\_1              &               2.630989e-16 &               2.938961e-05 &                         1.315187e-17 &                      1.257864e-01 &              1.015465e-09 &              8.303070e-05 &              5.228167e-01 &            1.000000e+00 &         1.333319e-10 &           4.385785e-10 &              7.836625e-08 &      4.839273e-01 &       4.224676e-04 &            3.973155e-04 &               3.940392e-08 &           9.326266e-12 &             9.176485e-11 &             3.771120e-18 &       1.376737e-13 &       1.052160e-14 &             4.689760e-12 &     1.948238e-09 &                   6.462522e-28 &                   1.378218e-34 &                   1.704957e-18 &        6.139388e-03 &       6.995436e-02 \\
gkiokas2012/default                 &               9.027730e-37 &               3.089822e-23 &                         5.461127e-04 &                      2.786234e-07 &              4.386134e-31 &              5.681958e-23 &              1.847759e-12 &            1.333319e-10 &         1.000000e+00 &           1.000000e+00 &              3.603777e-01 &      4.211351e-13 &       5.354860e-03 &            1.064933e-21 &               1.383339e-28 &           5.327093e-01 &             7.607916e-01 &             1.318727e-03 &       2.810415e-01 &       1.915729e-02 &             4.731297e-01 &     1.000000e+00 &                   3.673372e-53 &                   2.525266e-58 &                   3.576649e-45 &        5.109797e-20 &       1.168812e-06 \\
klapuri2006/ismir2004               &               8.127113e-36 &               4.314226e-22 &                         6.426576e-03 &                      2.746577e-07 &              3.536284e-30 &              2.815818e-22 &              4.026516e-12 &            4.385785e-10 &         1.000000e+00 &           1.000000e+00 &              1.515896e-01 &      4.026516e-12 &       3.793706e-03 &            1.511528e-19 &               2.829047e-27 &           6.439690e-01 &             8.829959e-01 &             6.426576e-03 &       3.915283e-01 &       5.761267e-02 &             6.439690e-01 &     8.803958e-01 &                   1.024338e-48 &                   2.267112e-54 &                   5.126188e-42 &        7.369793e-19 &       1.109726e-06 \\
klapuri2006/percival2014            &               1.181035e-33 &               2.788350e-19 &                         1.060447e-04 &                      3.328235e-05 &              4.350270e-26 &              2.076141e-19 &              1.862152e-09 &            7.836625e-08 &         3.603777e-01 &           1.515896e-01 &              1.000000e+00 &      7.863919e-11 &       6.273668e-02 &            1.036308e-16 &               4.148295e-23 &           1.038054e-01 &             2.026388e-01 &             1.060447e-04 &       4.876677e-02 &       2.887248e-03 &             8.842955e-02 &     4.407991e-01 &                   1.683199e-46 &                   7.643876e-55 &                   2.952004e-39 &        4.542763e-16 &       7.733077e-05 \\
oliveira2010/ibt                    &               1.705868e-12 &               8.086333e-04 &                         1.181000e-21 &                      1.648866e-02 &              8.701199e-08 &              1.282184e-03 &              9.284440e-01 &            4.839273e-01 &         4.211351e-13 &           4.026516e-12 &              7.863919e-11 &      1.000000e+00 &       4.348703e-06 &            5.959526e-03 &               2.794531e-06 &           2.501505e-14 &             3.603774e-13 &             5.864483e-21 &       3.984674e-14 &       3.847409e-18 &             5.622369e-14 &     3.175275e-12 &                   1.868435e-27 &                   2.288210e-27 &                   8.440392e-17 &        4.330814e-02 &       4.644734e-03 \\
percival2014/stem                   &               4.078087e-29 &               2.544960e-15 &                         2.716853e-08 &                      2.949349e-02 &              1.804139e-20 &              1.660195e-13 &              4.153330e-05 &            4.224676e-04 &         5.354860e-03 &           3.793706e-03 &              6.273668e-02 &      4.348703e-06 &       1.000000e+00 &            3.133623e-11 &               1.125916e-17 &           3.552811e-04 &             1.263559e-03 &             1.308759e-08 &       4.221303e-04 &       3.311885e-06 &             2.685401e-04 &     1.114141e-02 &                   2.041384e-44 &                   2.486424e-49 &                   3.127131e-35 &        3.795723e-10 &       4.980011e-02 \\
scheirer1998/ismir2004              &               1.205406e-04 &               8.101812e-01 &                         3.073662e-27 &                      5.755950e-07 &              1.272535e-02 &              8.707092e-01 &              5.959526e-03 &            3.973155e-04 &         1.064933e-21 &           1.511528e-19 &              1.036308e-16 &      5.959526e-03 &       3.133623e-11 &            1.000000e+00 &               2.830998e-02 &           1.599721e-20 &             2.319121e-19 &             4.581478e-29 &       1.325515e-22 &       3.490147e-26 &             4.976850e-24 &     8.930153e-20 &                   1.745275e-12 &                   3.163342e-18 &                   3.761556e-08 &        3.559554e-01 &       1.839040e-07 \\
scheirer1998/percival2014           &               3.158505e-02 &               1.257537e-01 &                         8.935183e-36 &                      6.702575e-11 &              6.298545e-01 &              1.172267e-01 &              3.255086e-06 &            3.940392e-08 &         1.383339e-28 &           2.829047e-27 &              4.148295e-23 &      2.794531e-06 &       1.125916e-17 &            2.830998e-02 &               1.000000e+00 &           1.548395e-30 &             2.138909e-29 &             2.293335e-37 &       1.001693e-31 &       2.171725e-33 &             7.514339e-32 &     2.574737e-28 &                   6.136555e-08 &                   2.475560e-12 &                   2.155833e-04 &        4.527291e-03 &       2.303105e-12 \\
schreiber2014/default               &               2.542956e-36 &               4.696614e-24 &                         1.254095e-02 &                      1.512978e-07 &              1.060063e-30 &              1.975129e-22 &              4.825422e-13 &            9.326266e-12 &         5.327093e-01 &           6.439690e-01 &              1.038054e-01 &      2.501505e-14 &       3.552811e-04 &            1.599721e-20 &               1.548395e-30 &           1.000000e+00 &             8.145294e-01 &             1.254095e-02 &       8.600501e-01 &       2.153271e-01 &             1.000000e+00 &     4.176922e-01 &                   7.652875e-53 &                   1.453598e-60 &                   8.030061e-46 &        1.156809e-18 &       1.050723e-08 \\
schreiber2017/ismir2017             &               5.800311e-37 &               4.704346e-23 &                         7.000367e-03 &                      1.584926e-06 &              3.806414e-29 &              6.354785e-22 &              4.698103e-12 &            9.176485e-11 &         7.607916e-01 &           8.829959e-01 &              2.026388e-01 &      3.603774e-13 &       1.263559e-03 &            2.319121e-19 &               2.138909e-29 &           8.145294e-01 &             1.000000e+00 &             1.449585e-04 &       6.515878e-01 &       1.641494e-01 &             8.776143e-01 &     6.358280e-01 &                   1.820337e-51 &                   1.212188e-57 &                   7.565350e-44 &        8.274509e-18 &       1.005858e-07 \\
schreiber2017/mirex2017             &               4.907593e-48 &               2.054958e-33 &                         1.000000e+00 &                      6.813783e-12 &              2.737398e-40 &              2.275273e-31 &              9.440274e-20 &            3.771120e-18 &         1.318727e-03 &           6.426576e-03 &              1.060447e-04 &      5.864483e-21 &       1.308759e-08 &            4.581478e-29 &               2.293335e-37 &           1.254095e-02 &             1.449585e-04 &             1.000000e+00 &       5.010246e-02 &       3.770856e-01 &             2.430651e-02 &     1.658053e-03 &                   1.190643e-59 &                   2.209927e-66 &                   2.696232e-52 &        6.663617e-28 &       7.651063e-14 \\
schreiber2018/cnn                   &               7.387690e-41 &               7.520858e-27 &                         5.010246e-02 &                      4.466175e-09 &              4.012554e-35 &              5.928489e-26 &              1.831619e-14 &            1.376737e-13 &         2.810415e-01 &           3.915283e-01 &              4.876677e-02 &      3.984674e-14 &       4.221303e-04 &            1.325515e-22 &               1.001693e-31 &           8.600501e-01 &             6.515878e-01 &             5.010246e-02 &       1.000000e+00 &       3.615946e-01 &             8.388197e-01 &     2.681873e-01 &                   1.339940e-52 &                   7.060475e-64 &                   3.723654e-47 &        7.235209e-21 &       6.901424e-09 \\
schreiber2018/fcn                   &               8.730991e-42 &               3.349686e-29 &                         3.449285e-01 &                      8.957424e-11 &              1.185132e-37 &              1.149860e-29 &              1.236159e-17 &            1.052160e-14 &         1.915729e-02 &           5.761267e-02 &              2.887248e-03 &      3.847409e-18 &       3.311885e-06 &            3.490147e-26 &               2.171725e-33 &           2.153271e-01 &             1.641494e-01 &             3.770856e-01 &       3.615946e-01 &       1.000000e+00 &             1.849333e-01 &     3.847731e-02 &                   5.846688e-59 &                   1.003874e-63 &                   1.447080e-50 &        1.649228e-23 &       2.383493e-11 \\
schreiber2018/ismir2018             &               3.772581e-38 &               1.454314e-24 &                         2.006161e-02 &                      6.901424e-09 &              4.116489e-33 &              5.054906e-26 &              1.052160e-14 &            4.689760e-12 &         4.731297e-01 &           6.439690e-01 &              8.842955e-02 &      5.622369e-14 &       2.685401e-04 &            4.976850e-24 &               7.514339e-32 &           1.000000e+00 &             8.776143e-01 &             2.430651e-02 &       8.388197e-01 &       1.849333e-01 &             1.000000e+00 &     4.176922e-01 &                   1.421063e-55 &                   2.461584e-62 &                   8.030061e-46 &        2.411373e-20 &       3.891388e-10 \\
sun2021/default                     &               1.204972e-33 &               1.399522e-21 &                         8.213953e-04 &                      1.876280e-05 &              1.373341e-28 &              8.634558e-20 &              3.623247e-11 &            1.948238e-09 &         1.000000e+00 &           8.803958e-01 &              4.407991e-01 &      3.175275e-12 &       1.114141e-02 &            8.930153e-20 &               2.574737e-28 &           4.176922e-01 &             6.358280e-01 &             1.658053e-03 &       2.681873e-01 &       3.847731e-02 &             4.176922e-01 &     1.000000e+00 &                   3.919982e-51 &                   1.601346e-56 &                   2.631301e-40 &        1.501473e-17 &       2.822018e-06 \\
tzanetakis2002/ismir2004\_hist       &               8.198413e-04 &               9.634919e-13 &                         1.017101e-60 &                      1.086276e-32 &              2.704485e-07 &              1.401573e-13 &              1.898771e-22 &            6.462522e-28 &         3.673372e-53 &           1.024338e-48 &              1.683199e-46 &      1.868435e-27 &       2.041384e-44 &            1.745275e-12 &               6.136555e-08 &           7.652875e-53 &             1.820337e-51 &             1.190643e-59 &       1.339940e-52 &       5.846688e-59 &             1.421063e-55 &     3.919982e-51 &                   1.000000e+00 &                   3.158505e-02 &                   7.174464e-02 &        5.699907e-17 &       4.971259e-36 \\
tzanetakis2002/ismir2004\_mmul       &               9.599088e-08 &               2.892171e-18 &                         1.448663e-64 &                      6.886763e-42 &              5.186649e-13 &              2.701372e-19 &              2.288210e-27 &            1.378218e-34 &         2.525266e-58 &           2.267112e-54 &              7.643876e-55 &      2.288210e-27 &       2.486424e-49 &            3.163342e-18 &               2.475560e-12 &           1.453598e-60 &             1.212188e-57 &             2.209927e-66 &       7.060475e-64 &       1.003874e-63 &             2.461584e-62 &     1.601346e-56 &                   3.158505e-02 &                   1.000000e+00 &                   5.532678e-05 &        1.297651e-23 &       6.434966e-41 \\
tzanetakis2002/ismir2004\_msum       &               8.567344e-02 &               1.000481e-07 &                         2.101759e-51 &                      5.872070e-28 &              4.270152e-04 &              1.573617e-08 &              2.606816e-16 &            1.704957e-18 &         3.576649e-45 &           5.126188e-42 &              2.952004e-39 &      8.440392e-17 &       3.127131e-35 &            3.761556e-08 &               2.155833e-04 &           8.030061e-46 &             7.565350e-44 &             2.696232e-52 &       3.723654e-47 &       1.447080e-50 &             8.030061e-46 &     2.631301e-40 &                   7.174464e-02 &                   5.532678e-05 &                   1.000000e+00 &        1.022064e-11 &       1.131452e-27 \\
uhle2004/ismir2004                  &               7.471861e-08 &               1.814492e-01 &                         2.093279e-26 &                      1.237999e-05 &              4.046413e-04 &              2.104977e-01 &              4.920279e-02 &            6.139388e-03 &         5.109797e-20 &           7.369793e-19 &              4.542763e-16 &      4.330814e-02 &       3.795723e-10 &            3.559554e-01 &               4.527291e-03 &           1.156809e-18 &             8.274509e-18 &             6.663617e-28 &       7.235209e-21 &       1.649228e-23 &             2.411373e-20 &     1.501473e-17 &                   5.699907e-17 &                   1.297651e-23 &                   1.022064e-11 &        1.000000e+00 &       8.950744e-06 \\
zplane/auftakt\_v3                   &               6.540692e-22 &               4.933400e-09 &                         2.083544e-14 &                      9.131161e-01 &              6.830699e-13 &              2.266101e-08 &              1.422813e-02 &            6.995436e-02 &         1.168812e-06 &           1.109726e-06 &              7.733077e-05 &      4.644734e-03 &       4.980011e-02 &            1.839040e-07 &               2.303105e-12 &           1.050723e-08 &             1.005858e-07 &             7.651063e-14 &       6.901424e-09 &       2.383493e-11 &             3.891388e-10 &     2.822018e-06 &                   4.971259e-36 &                   6.434966e-41 &                   1.131452e-27 &        8.950744e-06 &       1.000000e+00 \\
\bottomrule
\end{tabular}
