\begin{tabular}{lrrrrrrrrrrrrrrrrrrrrrrrrrr}
\toprule
{} &  alonso2004/ismir2004\_corr &  alonso2004/ismir2004\_spec &  boeck2015/tempodetector2016\_default &  davies2009/mirex\_qm\_tempotracker &  dixon2001/ismir2004\_indu &  dixon2001/ismir2004\_trac &  dixon2003/ismir2004\_auco &  echonest/version\_3\_2\_1 &  gkiokas2012/default &  klapuri2006/ismir2004 &  klapuri2006/percival2014 &  oliveira2010/ibt &  percival2014/stem &  scheirer1998/ismir2004 &  scheirer1998/percival2014 &  schreiber2014/default &  schreiber2017/ismir2017 &  schreiber2017/mirex2017 &  schreiber2018/cnn &  schreiber2018/fcn &  schreiber2018/ismir2018 &  tzanetakis2002/ismir2004\_hist &  tzanetakis2002/ismir2004\_mmul &  tzanetakis2002/ismir2004\_msum &  uhle2004/ismir2004 &  zplane/auftakt\_v3 \\
Estimator                           &                            &                            &                                      &                                   &                           &                           &                           &                         &                      &                        &                           &                   &                    &                         &                            &                        &                          &                          &                    &                    &                          &                                &                                &                                &                     &                    \\
\midrule
alonso2004/ismir2004\_corr           &               1.000000e+00 &               2.795331e-20 &                         6.548554e-03 &                      7.268966e-01 &              4.827482e-02 &              6.072315e-20 &              4.319634e-25 &            4.318106e-29 &         6.256920e-08 &           3.087258e-08 &              1.291246e-08 &      1.697652e-04 &       1.366431e-24 &            5.887961e-17 &               1.104460e-17 &           2.205916e-31 &             4.257901e-22 &             6.488026e-25 &       5.452816e-12 &       1.221943e-16 &             1.396038e-07 &                   2.981831e-11 &                   5.628069e-04 &                   4.914371e-01 &        6.325590e-04 &       5.045471e-11 \\
alonso2004/ismir2004\_spec           &               2.795331e-20 &               1.000000e+00 &                         8.931423e-13 &                      3.067462e-21 &              7.298818e-09 &              6.339943e-66 &              6.252230e-83 &            8.117545e-02 &         3.150468e-06 &           5.633381e-07 &              1.590791e-06 &      7.214404e-12 &       7.186894e-01 &            4.668502e-01 &               4.902062e-01 &           6.672682e-02 &             9.986891e-01 &             2.723174e-01 &       4.880788e-04 &       2.001734e-01 &             1.378112e-07 &                   1.436362e-31 &                   2.180379e-26 &                   9.328619e-16 &        2.331388e-08 &       9.639356e-05 \\
boeck2015/tempodetector2016\_default &               6.548554e-03 &               8.931423e-13 &                         1.000000e+00 &                      3.712664e-04 &              8.090755e-01 &              1.438175e-36 &              8.285041e-48 &            1.494942e-25 &         2.464822e-04 &           2.344268e-04 &              5.967497e-05 &      2.731932e-01 &       4.669911e-20 &            2.901201e-12 &               2.634176e-12 &           4.056034e-33 &             1.881052e-19 &             5.536172e-24 &       2.222698e-08 &       2.812079e-15 &             3.710399e-04 &                   1.388708e-20 &                   1.254721e-11 &                   8.891355e-04 &        3.070059e-01 &       6.176407e-07 \\
davies2009/mirex\_qm\_tempotracker    &               7.268966e-01 &               3.067462e-21 &                         3.712664e-04 &                      1.000000e+00 &              9.637249e-04 &              7.185274e-24 &              7.328572e-29 &            2.685759e-34 &         1.828616e-10 &           6.900673e-20 &              2.685600e-21 &      1.279107e-08 &       7.265680e-37 &            1.096174e-23 &               5.897154e-25 &           7.906865e-46 &             7.047298e-29 &             2.288491e-31 &       2.875031e-18 &       3.251038e-21 &             1.718979e-13 &                   4.221430e-12 &                   2.749701e-05 &                   7.850023e-01 &        9.646099e-05 &       5.703628e-19 \\
dixon2001/ismir2004\_indu            &               4.827482e-02 &               7.298818e-09 &                         8.090755e-01 &                      9.637249e-04 &              1.000000e+00 &              3.637357e-29 &              3.375805e-29 &            1.047475e-14 &         6.806600e-03 &           5.459386e-03 &              2.693675e-03 &      3.244545e-01 &       9.233339e-12 &            8.603923e-09 &               1.274198e-07 &           3.470200e-18 &             1.165023e-10 &             1.190621e-12 &       7.525085e-05 &       2.844297e-08 &             1.064430e-02 &                   1.005775e-17 &                   4.337720e-09 &                   3.871305e-03 &        2.892426e-01 &       1.354078e-04 \\
dixon2001/ismir2004\_trac            &               6.072315e-20 &               6.339943e-66 &                         1.438175e-36 &                      7.185274e-24 &              3.637357e-29 &              1.000000e+00 &              1.305544e-02 &            7.282997e-88 &         1.253875e-52 &           2.773528e-58 &              6.046582e-59 &      1.801162e-45 &       1.669132e-84 &            5.676972e-59 &               3.625310e-62 &           1.011306e-97 &             4.876349e-74 &             5.277416e-78 &       4.153162e-61 &       2.717123e-67 &             6.438412e-52 &                   6.126703e-01 &                   6.564121e-10 &                   4.864674e-17 &        4.304384e-37 &       4.125119e-60 \\
dixon2003/ismir2004\_auco            &               4.319634e-25 &               6.252230e-83 &                         8.285041e-48 &                      7.328572e-29 &              3.375805e-29 &              1.305544e-02 &              1.000000e+00 &           1.856271e-107 &         1.788621e-60 &           1.978474e-68 &              4.255939e-71 &      8.142692e-58 &      3.050635e-102 &            3.509324e-74 &               2.175491e-77 &          1.878671e-116 &             7.166834e-94 &            2.047883e-102 &       6.833140e-78 &       2.166579e-87 &             1.949989e-68 &                   2.741476e-01 &                   3.282306e-12 &                   5.651576e-19 &        3.779246e-42 &       8.910803e-76 \\
echonest/version\_3\_2\_1              &               4.318106e-29 &               8.117545e-02 &                         1.494942e-25 &                      2.685759e-34 &              1.047475e-14 &              7.282997e-88 &             1.856271e-107 &            1.000000e+00 &         5.391078e-14 &           1.837823e-16 &              1.239104e-15 &      1.552844e-25 &       6.833090e-03 &            4.069577e-03 &               9.278117e-03 &           9.179032e-01 &             5.402206e-02 &             5.259868e-01 &       4.961796e-11 &       1.021046e-04 &             1.749455e-17 &                   1.009948e-41 &                   2.079976e-40 &                   2.008565e-25 &        2.686131e-15 &       4.745530e-13 \\
gkiokas2012/default                 &               6.256920e-08 &               3.150468e-06 &                         2.464822e-04 &                      1.828616e-10 &              6.806600e-03 &              1.253875e-52 &              1.788621e-60 &            5.391078e-14 &         1.000000e+00 &           7.927958e-01 &              9.671009e-01 &      1.141586e-02 &       1.422605e-08 &            7.890323e-05 &               2.925503e-05 &           1.884021e-16 &             8.345460e-09 &             1.990188e-12 &       6.533835e-02 &       2.394770e-05 &             8.110194e-01 &                   7.649101e-27 &                   2.252145e-19 &                   1.224940e-08 &        5.756602e-02 &       1.941527e-01 \\
klapuri2006/ismir2004               &               3.087258e-08 &               5.633381e-07 &                         2.344268e-04 &                      6.900673e-20 &              5.459386e-03 &              2.773528e-58 &              1.978474e-68 &            1.837823e-16 &         7.927958e-01 &           1.000000e+00 &              1.464013e-01 &      9.308305e-05 &       4.783949e-18 &            1.244252e-06 &               4.265942e-07 &           1.994841e-25 &             2.658274e-12 &             5.513525e-16 &       1.929832e-02 &       2.691826e-06 &             9.892483e-01 &                   2.117417e-29 &                   4.668436e-25 &                   9.415734e-10 &        2.728904e-02 &       2.820805e-02 \\
klapuri2006/percival2014            &               1.291246e-08 &               1.590791e-06 &                         5.967497e-05 &                      2.685600e-21 &              2.693675e-03 &              6.046582e-59 &              4.255939e-71 &            1.239104e-15 &         9.671009e-01 &           1.464013e-01 &              1.000000e+00 &      4.660288e-06 &       1.196259e-16 &            3.178261e-06 &               1.109071e-06 &           8.821189e-25 &             6.616937e-12 &             1.475299e-15 &       4.279409e-02 &       9.662956e-06 &             6.975731e-01 &                   4.172839e-30 &                   3.557273e-26 &                   2.452907e-10 &        1.218131e-02 &       7.914913e-02 \\
oliveira2010/ibt                    &               1.697652e-04 &               7.214404e-12 &                         2.731932e-01 &                      1.279107e-08 &              3.244545e-01 &              1.801162e-45 &              8.142692e-58 &            1.552844e-25 &         1.141586e-02 &           9.308305e-05 &              4.660288e-06 &      1.000000e+00 &       4.887702e-26 &            2.242517e-12 &               1.381461e-14 &           1.834086e-33 &             5.810910e-24 &             1.346901e-28 &       1.600621e-06 &       5.757230e-11 &             3.787858e-03 &                   4.740370e-24 &                   7.240369e-17 &                   1.571114e-05 &        8.271697e-01 &       1.667175e-08 \\
percival2014/stem                   &               1.366431e-24 &               7.186894e-01 &                         4.669911e-20 &                      7.265680e-37 &              9.233339e-12 &              1.669132e-84 &             3.050635e-102 &            6.833090e-03 &         1.422605e-08 &           4.783949e-18 &              1.196259e-16 &      4.887702e-26 &       1.000000e+00 &            3.887938e-01 &               1.155476e-01 &           1.148777e-03 &             4.720494e-01 &             3.464995e-02 &       2.829324e-05 &       2.368410e-01 &             3.558785e-12 &                   3.072205e-41 &                   2.614011e-41 &                   9.566231e-23 &        5.273054e-14 &       4.713665e-09 \\
scheirer1998/ismir2004              &               5.887961e-17 &               4.668502e-01 &                         2.901201e-12 &                      1.096174e-23 &              8.603923e-09 &              5.676972e-59 &              3.509324e-74 &            4.069577e-03 &         7.890323e-05 &           1.244252e-06 &              3.178261e-06 &      2.242517e-12 &       3.887938e-01 &            1.000000e+00 &               4.122019e-01 &           1.838284e-03 &             1.901764e-01 &             1.706607e-02 &       9.874676e-03 &       7.711788e-01 &             5.123684e-06 &                   4.679184e-35 &                   8.396916e-32 &                   4.217672e-17 &        1.896320e-08 &       8.759657e-04 \\
scheirer1998/percival2014           &               1.104460e-17 &               4.902062e-01 &                         2.634176e-12 &                      5.897154e-25 &              1.274198e-07 &              3.625310e-62 &              2.175491e-77 &            9.278117e-03 &         2.925503e-05 &           4.265942e-07 &              1.109071e-06 &      1.381461e-14 &       1.155476e-01 &            4.122019e-01 &               1.000000e+00 &           6.402388e-04 &             1.436452e-01 &             9.123191e-03 &       5.204555e-03 &       6.622186e-01 &             1.140740e-06 &                   2.283008e-33 &                   2.360603e-33 &                   3.621618e-17 &        2.110709e-09 &       1.773044e-04 \\
schreiber2014/default               &               2.205916e-31 &               6.672682e-02 &                         4.056034e-33 &                      7.906865e-46 &              3.470200e-18 &              1.011306e-97 &             1.878671e-116 &            9.179032e-01 &         1.884021e-16 &           1.994841e-25 &              8.821189e-25 &      1.834086e-33 &       1.148777e-03 &            1.838284e-03 &               6.402388e-04 &           1.000000e+00 &             5.358347e-02 &             5.723578e-01 &       3.298731e-15 &       2.536047e-05 &             5.445611e-23 &                   8.731975e-46 &                   1.430335e-47 &                   5.328397e-30 &        2.499468e-19 &       2.792655e-17 \\
schreiber2017/ismir2017             &               4.257901e-22 &               9.986891e-01 &                         1.881052e-19 &                      7.047298e-29 &              1.165023e-10 &              4.876349e-74 &              7.166834e-94 &            5.402206e-02 &         8.345460e-09 &           2.658274e-12 &              6.616937e-12 &      5.810910e-24 &       4.720494e-01 &            1.901764e-01 &               1.436452e-01 &           5.358347e-02 &             1.000000e+00 &             9.679890e-05 &       3.274502e-06 &       7.569743e-02 &             5.430702e-12 &                   1.477965e-36 &                   2.183501e-33 &                   1.845642e-19 &        9.253161e-12 &       4.676990e-08 \\
schreiber2017/mirex2017             &               6.488026e-25 &               2.723174e-01 &                         5.536172e-24 &                      2.288491e-31 &              1.190621e-12 &              5.277416e-78 &             2.047883e-102 &            5.259868e-01 &         1.990188e-12 &           5.513525e-16 &              1.475299e-15 &      1.346901e-28 &       3.464995e-02 &            1.706607e-02 &               9.123191e-03 &           5.723578e-01 &             9.679890e-05 &             1.000000e+00 &       4.543281e-09 &       2.392196e-03 &             2.334998e-16 &                   1.345628e-38 &                   2.320970e-35 &                   1.717428e-21 &        1.743234e-14 &       1.915271e-11 \\
schreiber2018/cnn                   &               5.452816e-12 &               4.880788e-04 &                         2.222698e-08 &                      2.875031e-18 &              7.525085e-05 &              4.153162e-61 &              6.833140e-78 &            4.961796e-11 &         6.533835e-02 &           1.929832e-02 &              4.279409e-02 &      1.600621e-06 &       2.829324e-05 &            9.874676e-03 &               5.204555e-03 &           3.298731e-15 &             3.274502e-06 &             4.543281e-09 &       1.000000e+00 &       1.864039e-03 &             7.128293e-03 &                   1.023316e-29 &                   3.069988e-23 &                   1.217268e-11 &        4.374615e-04 &       5.238863e-01 \\
schreiber2018/fcn                   &               1.221943e-16 &               2.001734e-01 &                         2.812079e-15 &                      3.251038e-21 &              2.844297e-08 &              2.717123e-67 &              2.166579e-87 &            1.021046e-04 &         2.394770e-05 &           2.691826e-06 &              9.662956e-06 &      5.757230e-11 &       2.368410e-01 &            7.711788e-01 &               6.622186e-01 &           2.536047e-05 &             7.569743e-02 &             2.392196e-03 &       1.864039e-03 &       1.000000e+00 &             7.564036e-07 &                   2.669700e-33 &                   1.779014e-28 &                   2.198715e-16 &        2.006748e-07 &       1.355228e-03 \\
schreiber2018/ismir2018             &               1.396038e-07 &               1.378112e-07 &                         3.710399e-04 &                      1.718979e-13 &              1.064430e-02 &              6.438412e-52 &              1.949989e-68 &            1.749455e-17 &         8.110194e-01 &           9.892483e-01 &              6.975731e-01 &      3.787858e-03 &       3.558785e-12 &            5.123684e-06 &               1.140740e-06 &           5.445611e-23 &             5.430702e-12 &             2.334998e-16 &       7.128293e-03 &       7.564036e-07 &             1.000000e+00 &                   4.494244e-26 &                   1.178760e-18 &                   5.720196e-08 &        5.419024e-02 &       6.596702e-02 \\
tzanetakis2002/ismir2004\_hist       &               2.981831e-11 &               1.436362e-31 &                         1.388708e-20 &                      4.221430e-12 &              1.005775e-17 &              6.126703e-01 &              2.741476e-01 &            1.009948e-41 &         7.649101e-27 &           2.117417e-29 &              4.172839e-30 &      4.740370e-24 &       3.072205e-41 &            4.679184e-35 &               2.283008e-33 &           8.731975e-46 &             1.477965e-36 &             1.345628e-38 &       1.023316e-29 &       2.669700e-33 &             4.494244e-26 &                   1.000000e+00 &                   4.892476e-10 &                   2.928691e-18 &        1.750720e-22 &       1.156245e-31 \\
tzanetakis2002/ismir2004\_mmul       &               5.628069e-04 &               2.180379e-26 &                         1.254721e-11 &                      2.749701e-05 &              4.337720e-09 &              6.564121e-10 &              3.282306e-12 &            2.079976e-40 &         2.252145e-19 &           4.668436e-25 &              3.557273e-26 &      7.240369e-17 &       2.614011e-41 &            8.396916e-32 &               2.360603e-33 &           1.430335e-47 &             2.183501e-33 &             2.320970e-35 &       3.069988e-23 &       1.779014e-28 &             1.178760e-18 &                   4.892476e-10 &                   1.000000e+00 &                   1.520440e-06 &        3.308710e-14 &       9.827735e-27 \\
tzanetakis2002/ismir2004\_msum       &               4.914371e-01 &               9.328619e-16 &                         8.891355e-04 &                      7.850023e-01 &              3.871305e-03 &              4.864674e-17 &              5.651576e-19 &            2.008565e-25 &         1.224940e-08 &           9.415734e-10 &              2.452907e-10 &      1.571114e-05 &       9.566231e-23 &            4.217672e-17 &               3.621618e-17 &           5.328397e-30 &             1.845642e-19 &             1.717428e-21 &       1.217268e-11 &       2.198715e-16 &             5.720196e-08 &                   2.928691e-18 &                   1.520440e-06 &                   1.000000e+00 &        4.621623e-05 &       9.963308e-12 \\
uhle2004/ismir2004                  &               6.325590e-04 &               2.331388e-08 &                         3.070059e-01 &                      9.646099e-05 &              2.892426e-01 &              4.304384e-37 &              3.779246e-42 &            2.686131e-15 &         5.756602e-02 &           2.728904e-02 &              1.218131e-02 &      8.271697e-01 &       5.273054e-14 &            1.896320e-08 &               2.110709e-09 &           2.499468e-19 &             9.253161e-12 &             1.743234e-14 &       4.374615e-04 &       2.006748e-07 &             5.419024e-02 &                   1.750720e-22 &                   3.308710e-14 &                   4.621623e-05 &        1.000000e+00 &       9.297293e-04 \\
zplane/auftakt\_v3                   &               5.045471e-11 &               9.639356e-05 &                         6.176407e-07 &                      5.703628e-19 &              1.354078e-04 &              4.125119e-60 &              8.910803e-76 &            4.745530e-13 &         1.941527e-01 &           2.820805e-02 &              7.914913e-02 &      1.667175e-08 &       4.713665e-09 &            8.759657e-04 &               1.773044e-04 &           2.792655e-17 &             4.676990e-08 &             1.915271e-11 &       5.238863e-01 &       1.355228e-03 &             6.596702e-02 &                   1.156245e-31 &                   9.827735e-27 &                   9.963308e-12 &        9.297293e-04 &       1.000000e+00 \\
\bottomrule
\end{tabular}
