\begin{tabular}{lrrrrrrrr}
\toprule
{} &  boeck2015/tempodetector2016\_default &  davies2009/mirex\_qm\_tempotracker &  percival2014/stem &  schreiber2017/ismir2017 &  schreiber2017/mirex2017 &  schreiber2018/cnn &  schreiber2018/fcn &  schreiber2018/ismir2018 \\
Estimator                           &                                      &                                   &                    &                          &                          &                    &                    &                          \\
\midrule
boeck2015/tempodetector2016\_default &                         1.000000e+00 &                      6.903605e-11 &       1.610185e-05 &             1.544653e-06 &             2.356223e-09 &       5.343236e-17 &       6.020830e-03 &             1.718203e-18 \\
davies2009/mirex\_qm\_tempotracker    &                         6.903605e-11 &                      1.000000e+00 &       7.032874e-02 &             4.544601e-30 &             2.291874e-36 &       1.838687e-48 &       3.921847e-18 &             1.132064e-54 \\
percival2014/stem                   &                         1.610185e-05 &                      7.032874e-02 &       1.000000e+00 &             5.547091e-19 &             3.740895e-22 &       2.541311e-28 &       9.607329e-11 &             1.202739e-31 \\
schreiber2017/ismir2017             &                         1.544653e-06 &                      4.544601e-30 &       5.547091e-19 &             1.000000e+00 &             7.869240e-02 &       9.389006e-04 &       2.023619e-02 &             2.323615e-04 \\
schreiber2017/mirex2017             &                         2.356223e-09 &                      2.291874e-36 &       3.740895e-22 &             7.869240e-02 &             1.000000e+00 &       5.648848e-02 &       3.330859e-04 &             2.020275e-02 \\
schreiber2018/cnn                   &                         5.343236e-17 &                      1.838687e-48 &       2.541311e-28 &             9.389006e-04 &             5.648848e-02 &       1.000000e+00 &       2.014841e-10 &             6.289694e-01 \\
schreiber2018/fcn                   &                         6.020830e-03 &                      3.921847e-18 &       9.607329e-11 &             2.023619e-02 &             3.330859e-04 &       2.014841e-10 &       1.000000e+00 &             1.146013e-09 \\
schreiber2018/ismir2018             &                         1.718203e-18 &                      1.132064e-54 &       1.202739e-31 &             2.323615e-04 &             2.020275e-02 &       6.289694e-01 &       1.146013e-09 &             1.000000e+00 \\
\bottomrule
\end{tabular}
