\begin{tabular}{lrrrrrrrr}
\toprule
{} &  boeck2015/tempodetector2016\_default &  davies2009/mirex\_qm\_tempotracker &  percival2014/stem &  schreiber2017/ismir2017 &  schreiber2017/mirex2017 &  schreiber2018/cnn &  schreiber2018/fcn &  schreiber2018/ismir2018 \\
Estimator                           &                                      &                                   &                    &                          &                          &                    &                    &                          \\
\midrule
boeck2015/tempodetector2016\_default &                         1.000000e+00 &                      1.081873e-08 &       4.682683e-09 &             1.494255e-26 &             9.084868e-37 &       2.820935e-12 &       1.885696e-01 &             8.221591e-14 \\
davies2009/mirex\_qm\_tempotracker    &                         1.081873e-08 &                      1.000000e+00 &       9.650887e-01 &             2.563920e-54 &             1.755003e-61 &       4.799767e-33 &       2.927041e-11 &             6.071496e-38 \\
percival2014/stem                   &                         4.682683e-09 &                      9.650887e-01 &       1.000000e+00 &             1.855243e-52 &             8.613400e-63 &       6.827609e-32 &       4.964797e-12 &             6.807309e-36 \\
schreiber2017/ismir2017             &                         1.494255e-26 &                      2.563920e-54 &       1.855243e-52 &             1.000000e+00 &             1.624227e-06 &       7.569376e-07 &       1.073224e-21 &             4.234535e-06 \\
schreiber2017/mirex2017             &                         9.084868e-37 &                      1.755003e-61 &       8.613400e-63 &             1.624227e-06 &             1.000000e+00 &       8.943490e-13 &       4.807444e-31 &             6.728464e-12 \\
schreiber2018/cnn                   &                         2.820935e-12 &                      4.799767e-33 &       6.827609e-32 &             7.569376e-07 &             8.943490e-13 &       1.000000e+00 &       1.921885e-10 &             6.206907e-01 \\
schreiber2018/fcn                   &                         1.885696e-01 &                      2.927041e-11 &       4.964797e-12 &             1.073224e-21 &             4.807444e-31 &       1.921885e-10 &       1.000000e+00 &             6.250796e-10 \\
schreiber2018/ismir2018             &                         8.221591e-14 &                      6.071496e-38 &       6.807309e-36 &             4.234535e-06 &             6.728464e-12 &       6.206907e-01 &       6.250796e-10 &             1.000000e+00 \\
\bottomrule
\end{tabular}
