\begin{tabular}{lrrrrrrrr}
\toprule
{} &  boeck2015/tempodetector2016\_default &  davies2009/mirex\_qm\_tempotracker &  percival2014/stem &  schreiber2017/ismir2017 &  schreiber2017/mirex2017 &  schreiber2018/cnn &  schreiber2018/fcn &  schreiber2018/ismir2018 \\
Estimator                           &                                      &                                   &                    &                          &                          &                    &                    &                          \\
\midrule
boeck2015/tempodetector2016\_default &                         1.000000e+00 &                      1.081873e-08 &       4.682683e-09 &             8.011588e-05 &             5.538805e-07 &       2.820935e-12 &       1.885696e-01 &             8.221591e-14 \\
davies2009/mirex\_qm\_tempotracker    &                         1.081873e-08 &                      1.000000e+00 &       9.650887e-01 &             2.993207e-21 &             1.605572e-25 &       4.799767e-33 &       2.927041e-11 &             6.071496e-38 \\
percival2014/stem                   &                         4.682683e-09 &                      9.650887e-01 &       1.000000e+00 &             4.709620e-23 &             7.471631e-26 &       6.827609e-32 &       4.964797e-12 &             6.807309e-36 \\
schreiber2017/ismir2017             &                         8.011588e-05 &                      2.993207e-21 &       4.709620e-23 &             1.000000e+00 &             1.240868e-01 &       5.705915e-03 &       5.368531e-03 &             1.242980e-03 \\
schreiber2017/mirex2017             &                         5.538805e-07 &                      1.605572e-25 &       7.471631e-26 &             1.240868e-01 &             1.000000e+00 &       1.298883e-01 &       1.025437e-04 &             4.231527e-02 \\
schreiber2018/cnn                   &                         2.820935e-12 &                      4.799767e-33 &       6.827609e-32 &             5.705915e-03 &             1.298883e-01 &       1.000000e+00 &       1.921885e-10 &             6.206907e-01 \\
schreiber2018/fcn                   &                         1.885696e-01 &                      2.927041e-11 &       4.964797e-12 &             5.368531e-03 &             1.025437e-04 &       1.921885e-10 &       1.000000e+00 &             6.250796e-10 \\
schreiber2018/ismir2018             &                         8.221591e-14 &                      6.071496e-38 &       6.807309e-36 &             1.242980e-03 &             4.231527e-02 &       6.206907e-01 &       6.250796e-10 &             1.000000e+00 \\
\bottomrule
\end{tabular}
