\begin{tabular}{lrrrrrrrr}
\toprule
{} &  boeck2015/tempodetector2016\_default &  davies2009/mirex\_qm\_tempotracker &  percival2014/stem &  schreiber2017/ismir2017 &  schreiber2017/mirex2017 &  schreiber2018/cnn &  schreiber2018/fcn &  schreiber2018/ismir2018 \\
Estimator                           &                                      &                                   &                    &                          &                          &                    &                    &                          \\
\midrule
boeck2015/tempodetector2016\_default &                         1.000000e+00 &                      9.440274e-20 &       3.256530e-09 &             8.797646e-05 &             1.943111e-05 &       1.627557e-01 &       4.703103e-02 &             5.571971e-01 \\
davies2009/mirex\_qm\_tempotracker    &                         9.440274e-20 &                      1.000000e+00 &       2.349128e-05 &             3.628144e-29 &             1.331203e-30 &       6.449578e-14 &       2.826933e-13 &             3.063290e-17 \\
percival2014/stem                   &                         3.256530e-09 &                      2.349128e-05 &       1.000000e+00 &             7.047314e-18 &             2.168404e-19 &       2.719188e-05 &       1.538890e-04 &             2.571572e-07 \\
schreiber2017/ismir2017             &                         8.797646e-05 &                      3.628144e-29 &       7.047314e-18 &             1.000000e+00 &             1.000000e+00 &       1.308508e-07 &       1.024455e-08 &             8.430332e-06 \\
schreiber2017/mirex2017             &                         1.943111e-05 &                      1.331203e-30 &       2.168404e-19 &             1.000000e+00 &             1.000000e+00 &       1.536682e-08 &       1.076842e-09 &             1.624227e-06 \\
schreiber2018/cnn                   &                         1.627557e-01 &                      6.449578e-14 &       2.719188e-05 &             1.308508e-07 &             1.536682e-08 &       1.000000e+00 &       5.715882e-01 &             4.731297e-01 \\
schreiber2018/fcn                   &                         4.703103e-02 &                      2.826933e-13 &       1.538890e-04 &             1.024455e-08 &             1.076842e-09 &       5.715882e-01 &       1.000000e+00 &             1.220781e-01 \\
schreiber2018/ismir2018             &                         5.571971e-01 &                      3.063290e-17 &       2.571572e-07 &             8.430332e-06 &             1.624227e-06 &       4.731297e-01 &       1.220781e-01 &             1.000000e+00 \\
\bottomrule
\end{tabular}
