\begin{tabular}{lrrrrrrrr}
\toprule
{} &  boeck2015/tempodetector2016\_default &  davies2009/mirex\_qm\_tempotracker &  percival2014/stem &  schreiber2017/ismir2017 &  schreiber2017/mirex2017 &  schreiber2018/cnn &  schreiber2018/fcn &  schreiber2018/ismir2018 \\
Estimator                           &                                      &                                   &                    &                          &                          &                    &                    &                          \\
\midrule
boeck2015/tempodetector2016\_default &                         1.000000e+00 &                      2.477564e-93 &       2.545921e-07 &             3.749290e-06 &             2.464561e-03 &       7.217158e-08 &       8.405502e-03 &             9.298690e-14 \\
davies2009/mirex\_qm\_tempotracker    &                         2.477564e-93 &                      1.000000e+00 &      6.921516e-127 &             1.225955e-79 &             4.506007e-92 &       8.153630e-79 &       9.780512e-73 &             1.472596e-70 \\
percival2014/stem                   &                         2.545921e-07 &                     6.921516e-127 &       1.000000e+00 &             3.523583e-22 &             3.988413e-17 &       3.152198e-22 &       1.864536e-13 &             2.574783e-31 \\
schreiber2017/ismir2017             &                         3.749290e-06 &                      1.225955e-79 &       3.523583e-22 &             1.000000e+00 &             4.076312e-08 &       7.908823e-01 &       3.495183e-02 &             7.209785e-03 \\
schreiber2017/mirex2017             &                         2.464561e-03 &                      4.506007e-92 &       3.988413e-17 &             4.076312e-08 &             1.000000e+00 &       1.083671e-02 &       7.474876e-01 &             1.520487e-07 \\
schreiber2018/cnn                   &                         7.217158e-08 &                      8.153630e-79 &       3.152198e-22 &             7.908823e-01 &             1.083671e-02 &       1.000000e+00 &       4.692609e-03 &             5.846131e-03 \\
schreiber2018/fcn                   &                         8.405502e-03 &                      9.780512e-73 &       1.864536e-13 &             3.495183e-02 &             7.474876e-01 &       4.692609e-03 &       1.000000e+00 &             2.097704e-06 \\
schreiber2018/ismir2018             &                         9.298690e-14 &                      1.472596e-70 &       2.574783e-31 &             7.209785e-03 &             1.520487e-07 &       5.846131e-03 &       2.097704e-06 &             1.000000e+00 \\
\bottomrule
\end{tabular}
