\begin{tabular}{lrrrrrrrr}
\toprule
{} &  boeck2015/tempodetector2016\_default &  davies2009/mirex\_qm\_tempotracker &  percival2014/stem &  schreiber2017/ismir2017 &  schreiber2017/mirex2017 &  schreiber2018/cnn &  schreiber2018/fcn &  schreiber2018/ismir2018 \\
Estimator                           &                                      &                                   &                    &                          &                          &                    &                    &                          \\
\midrule
boeck2015/tempodetector2016\_default &                         1.000000e+00 &                     4.012524e-104 &       6.354081e-01 &             8.217254e-56 &             8.217209e-56 &       8.618283e-09 &       1.273010e-05 &             5.893812e-09 \\
davies2009/mirex\_qm\_tempotracker    &                        4.012524e-104 &                      1.000000e+00 &       9.942515e-27 &            6.672990e-168 &            6.672958e-168 &      8.076919e-117 &      3.549242e-118 &            1.680135e-118 \\
percival2014/stem                   &                         6.354081e-01 &                      9.942515e-27 &       1.000000e+00 &             1.685390e-07 &             1.685389e-07 &       2.118600e-02 &       5.279472e-02 &             1.862655e-02 \\
schreiber2017/ismir2017             &                         8.217254e-56 &                     6.672990e-168 &       1.685390e-07 &             1.000000e+00 &             1.638965e-02 &       5.321670e-18 &       5.069253e-24 &             7.580786e-19 \\
schreiber2017/mirex2017             &                         8.217209e-56 &                     6.672958e-168 &       1.685389e-07 &             1.638965e-02 &             1.000000e+00 &       5.321655e-18 &       5.069237e-24 &             7.580764e-19 \\
schreiber2018/cnn                   &                         8.618283e-09 &                     8.076919e-117 &       2.118600e-02 &             5.321670e-18 &             5.321655e-18 &       1.000000e+00 &       1.892523e-01 &             9.331745e-01 \\
schreiber2018/fcn                   &                         1.273010e-05 &                     3.549242e-118 &       5.279472e-02 &             5.069253e-24 &             5.069237e-24 &       1.892523e-01 &       1.000000e+00 &             2.000756e-01 \\
schreiber2018/ismir2018             &                         5.893812e-09 &                     1.680135e-118 &       1.862655e-02 &             7.580786e-19 &             7.580764e-19 &       9.331745e-01 &       2.000756e-01 &             1.000000e+00 \\
\bottomrule
\end{tabular}
