\begin{tabular}{lrrrrrrrr}
\toprule
{} &  boeck2015/tempodetector2016\_default &  davies2009/mirex\_qm\_tempotracker &  percival2014/stem &  schreiber2017/ismir2017 &  schreiber2017/mirex2017 &  schreiber2018/cnn &  schreiber2018/fcn &  schreiber2018/ismir2018 \\
Estimator                           &                                      &                                   &                    &                          &                          &                    &                    &                          \\
\midrule
boeck2015/tempodetector2016\_default &                         1.000000e+00 &                      2.477564e-93 &       2.545921e-07 &             1.909343e-02 &             5.299351e-06 &       7.217158e-08 &       8.405502e-03 &             9.298690e-14 \\
davies2009/mirex\_qm\_tempotracker    &                         2.477564e-93 &                      1.000000e+00 &      6.921516e-127 &             6.430886e-90 &             6.773248e-75 &       8.153630e-79 &       9.780512e-73 &             1.472596e-70 \\
percival2014/stem                   &                         2.545921e-07 &                     6.921516e-127 &       1.000000e+00 &             3.874866e-15 &             1.394463e-21 &       3.152198e-22 &       1.864536e-13 &             2.574783e-31 \\
schreiber2017/ismir2017             &                         1.909343e-02 &                      6.430886e-90 &       3.874866e-15 &             1.000000e+00 &             9.196548e-04 &       2.529994e-03 &       7.551748e-01 &             1.278548e-07 \\
schreiber2017/mirex2017             &                         5.299351e-06 &                      6.773248e-75 &       1.394463e-21 &             9.196548e-04 &             1.000000e+00 &       7.332120e-01 &       3.597378e-02 &             7.747371e-03 \\
schreiber2018/cnn                   &                         7.217158e-08 &                      8.153630e-79 &       3.152198e-22 &             2.529994e-03 &             7.332120e-01 &       1.000000e+00 &       4.692609e-03 &             5.846131e-03 \\
schreiber2018/fcn                   &                         8.405502e-03 &                      9.780512e-73 &       1.864536e-13 &             7.551748e-01 &             3.597378e-02 &       4.692609e-03 &       1.000000e+00 &             2.097704e-06 \\
schreiber2018/ismir2018             &                         9.298690e-14 &                      1.472596e-70 &       2.574783e-31 &             1.278548e-07 &             7.747371e-03 &       5.846131e-03 &       2.097704e-06 &             1.000000e+00 \\
\bottomrule
\end{tabular}
