\begin{tabular}{lrrrrrrrr}
\toprule
{} &  boeck2015/tempodetector2016\_default &  davies2009/mirex\_qm\_tempotracker &  percival2014/stem &  schreiber2017/ismir2017 &  schreiber2017/mirex2017 &  schreiber2018/cnn &  schreiber2018/fcn &  schreiber2018/ismir2018 \\
Estimator                           &                                      &                                   &                    &                          &                          &                    &                    &                          \\
\midrule
boeck2015/tempodetector2016\_default &                         1.000000e+00 &                     1.796145e-131 &       1.895008e-02 &             5.728587e-01 &             4.297327e-01 &       8.136091e-02 &       1.946376e-01 &             8.684618e-01 \\
davies2009/mirex\_qm\_tempotracker    &                        1.796145e-131 &                      1.000000e+00 &       3.367968e-27 &            2.489554e-116 &            1.135015e-118 &      1.577225e-102 &      8.583761e-104 &            2.255589e-111 \\
percival2014/stem                   &                         1.895008e-02 &                      3.367968e-27 &       1.000000e+00 &             1.189398e-02 &             9.686454e-03 &       8.645824e-02 &       6.698974e-02 &             1.845389e-02 \\
schreiber2017/ismir2017             &                         5.728587e-01 &                     2.489554e-116 &       1.189398e-02 &             1.000000e+00 &             3.173768e-01 &       4.012497e-02 &       5.522374e-02 &             7.329017e-01 \\
schreiber2017/mirex2017             &                         4.297327e-01 &                     1.135015e-118 &       9.686454e-03 &             3.173768e-01 &             1.000000e+00 &       2.384165e-02 &       3.119073e-02 &             5.900669e-01 \\
schreiber2018/cnn                   &                         8.136091e-02 &                     1.577225e-102 &       8.645824e-02 &             4.012497e-02 &             2.384165e-02 &       1.000000e+00 &       6.972617e-01 &             6.388506e-02 \\
schreiber2018/fcn                   &                         1.946376e-01 &                     8.583761e-104 &       6.698974e-02 &             5.522374e-02 &             3.119073e-02 &       6.972617e-01 &       1.000000e+00 &             1.804263e-01 \\
schreiber2018/ismir2018             &                         8.684618e-01 &                     2.255589e-111 &       1.845389e-02 &             7.329017e-01 &             5.900669e-01 &       6.388506e-02 &       1.804263e-01 &             1.000000e+00 \\
\bottomrule
\end{tabular}
