\begin{tabular}{lrrrrrrrrr}
\toprule
{} &  boeck2015/tempodetector2016\_default &  davies2009/mirex\_qm\_tempotracker &  percival2014/stem &  schreiber2014/default &  schreiber2017/ismir2017 &  schreiber2017/mirex2017 &  schreiber2018/cnn &  schreiber2018/fcn &  schreiber2018/ismir2018 \\
Estimator                           &                                      &                                   &                    &                        &                          &                          &                    &                    &                          \\
\midrule
boeck2015/tempodetector2016\_default &                         1.000000e+00 &                      4.117416e-06 &       8.358808e-01 &           5.480720e-08 &             1.460077e-01 &             2.924947e-03 &       1.624063e-01 &       8.726030e-03 &             5.430548e-01 \\
davies2009/mirex\_qm\_tempotracker    &                         4.117416e-06 &                      1.000000e+00 &       2.886933e-07 &           1.929486e-20 &             4.251160e-08 &             1.036507e-10 &       2.000090e-08 &       9.058202e-11 &             5.933836e-07 \\
percival2014/stem                   &                         8.358808e-01 &                      2.886933e-07 &       1.000000e+00 &           7.124075e-08 &             1.572259e-01 &             4.217675e-03 &       2.477142e-01 &       2.260793e-02 &             7.061078e-01 \\
schreiber2014/default               &                         5.480720e-08 &                      1.929486e-20 &       7.124075e-08 &           1.000000e+00 &             2.439641e-04 &             1.260964e-02 &       1.460183e-06 &       1.155117e-05 &             1.520129e-07 \\
schreiber2017/ismir2017             &                         1.460077e-01 &                      4.251160e-08 &       1.572259e-01 &           2.439641e-04 &             1.000000e+00 &             7.033985e-02 &       7.044580e-01 &       6.271151e-01 &             2.640842e-01 \\
schreiber2017/mirex2017             &                         2.924947e-03 &                      1.036507e-10 &       4.217675e-03 &           1.260964e-02 &             7.033985e-02 &             1.000000e+00 &       6.431218e-02 &       3.286053e-01 &             8.652727e-03 \\
schreiber2018/cnn                   &                         1.624063e-01 &                      2.000090e-08 &       2.477142e-01 &           1.460183e-06 &             7.044580e-01 &             6.431218e-02 &       1.000000e+00 &       2.193440e-01 &             2.408065e-01 \\
schreiber2018/fcn                   &                         8.726030e-03 &                      9.058202e-11 &       2.260793e-02 &           1.155117e-05 &             6.271151e-01 &             3.286053e-01 &       2.193440e-01 &       1.000000e+00 &             3.677757e-02 \\
schreiber2018/ismir2018             &                         5.430548e-01 &                      5.933836e-07 &       7.061078e-01 &           1.520129e-07 &             2.640842e-01 &             8.652727e-03 &       2.408065e-01 &       3.677757e-02 &             1.000000e+00 \\
\bottomrule
\end{tabular}
