\begin{tabular}{lrrrrrrrrr}
\toprule
{} &  boeck2015/tempodetector2016\_default &  davies2009/mirex\_qm\_tempotracker &  percival2014/stem &  schreiber2014/default &  schreiber2017/ismir2017 &  schreiber2017/mirex2017 &  schreiber2018/cnn &  schreiber2018/fcn &  schreiber2018/ismir2018 \\
Estimator                           &                                      &                                   &                    &                        &                          &                          &                    &                    &                          \\
\midrule
boeck2015/tempodetector2016\_default &                         1.000000e+00 &                      2.342263e-14 &       1.443409e-04 &           1.318743e-04 &             2.926383e-06 &             3.864476e-07 &       1.168630e-09 &       1.987800e-07 &             2.757510e-08 \\
davies2009/mirex\_qm\_tempotracker    &                         2.342263e-14 &                      1.000000e+00 &       2.021820e-08 &           5.204533e-09 &             6.087219e-07 &             2.082256e-06 &       4.936758e-03 &       9.819641e-05 &             6.954324e-05 \\
percival2014/stem                   &                         1.443409e-04 &                      2.021820e-08 &       1.000000e+00 &           4.618496e-01 &             2.522476e-01 &             5.803251e-02 &       5.960762e-04 &       7.097816e-02 &             1.280982e-03 \\
schreiber2014/default               &                         1.318743e-04 &                      5.204533e-09 &       4.618496e-01 &           1.000000e+00 &             2.999593e-02 &             3.992904e-03 &       1.363805e-04 &       3.192204e-02 &             1.173044e-03 \\
schreiber2017/ismir2017             &                         2.926383e-06 &                      6.087219e-07 &       2.522476e-01 &           2.999593e-02 &             1.000000e+00 &             3.197485e-01 &       1.155120e-02 &       4.061465e-01 &             5.694025e-02 \\
schreiber2017/mirex2017             &                         3.864476e-07 &                      2.082256e-06 &       5.803251e-02 &           3.992904e-03 &             3.197485e-01 &             1.000000e+00 &       5.065290e-02 &       7.956620e-01 &             1.573510e-01 \\
schreiber2018/cnn                   &                         1.168630e-09 &                      4.936758e-03 &       5.960762e-04 &           1.363805e-04 &             1.155120e-02 &             5.065290e-02 &       1.000000e+00 &       3.297284e-02 &             4.057751e-01 \\
schreiber2018/fcn                   &                         1.987800e-07 &                      9.819641e-05 &       7.097816e-02 &           3.192204e-02 &             4.061465e-01 &             7.956620e-01 &       3.297284e-02 &       1.000000e+00 &             4.696415e-01 \\
schreiber2018/ismir2018             &                         2.757510e-08 &                      6.954324e-05 &       1.280982e-03 &           1.173044e-03 &             5.694025e-02 &             1.573510e-01 &       4.057751e-01 &       4.696415e-01 &             1.000000e+00 \\
\bottomrule
\end{tabular}
