\begin{tabular}{lrrrrrrrrr}
\toprule
{} &  boeck2015/tempodetector2016\_default &  davies2009/mirex\_qm\_tempotracker &  percival2014/stem &  schreiber2014/default &  schreiber2017/ismir2017 &  schreiber2017/mirex2017 &  schreiber2018/cnn &  schreiber2018/fcn &  schreiber2018/ismir2018 \\
Estimator                           &                                      &                                   &                    &                        &                          &                          &                    &                    &                          \\
\midrule
boeck2015/tempodetector2016\_default &                         1.000000e+00 &                      1.666242e-10 &       5.953423e-02 &           1.988124e-01 &             4.807168e-02 &             1.903498e-01 &       4.384576e-04 &       1.213613e-02 &             3.301021e-03 \\
davies2009/mirex\_qm\_tempotracker    &                         1.666242e-10 &                      1.000000e+00 &       5.812440e-11 &           1.869743e-11 &             1.102216e-08 &             3.644780e-09 &       7.748889e-07 &       4.482806e-09 &             5.390595e-08 \\
percival2014/stem                   &                         5.953423e-02 &                      5.812440e-11 &       1.000000e+00 &           3.347998e-01 &             8.249225e-01 &             5.785211e-01 &       4.464581e-02 &       3.917672e-01 &             2.488485e-01 \\
schreiber2014/default               &                         1.988124e-01 &                      1.869743e-11 &       3.347998e-01 &           1.000000e+00 &             2.919144e-01 &             8.112210e-01 &       3.429765e-03 &       5.306174e-02 &             1.728198e-02 \\
schreiber2017/ismir2017             &                         4.807168e-02 &                      1.102216e-08 &       8.249225e-01 &           2.919144e-01 &             1.000000e+00 &             1.214263e-01 &       8.993626e-02 &       4.587069e-01 &             2.787317e-01 \\
schreiber2017/mirex2017             &                         1.903498e-01 &                      3.644780e-09 &       5.785211e-01 &           8.112210e-01 &             1.214263e-01 &             1.000000e+00 &       1.320279e-02 &       1.096337e-01 &             4.948097e-02 \\
schreiber2018/cnn                   &                         4.384576e-04 &                      7.748889e-07 &       4.464581e-02 &           3.429765e-03 &             8.993626e-02 &             1.320279e-02 &       1.000000e+00 &       3.222256e-01 &             2.773049e-01 \\
schreiber2018/fcn                   &                         1.213613e-02 &                      4.482806e-09 &       3.917672e-01 &           5.306174e-02 &             4.587069e-01 &             1.096337e-01 &       3.222256e-01 &       1.000000e+00 &             7.271576e-01 \\
schreiber2018/ismir2018             &                         3.301021e-03 &                      5.390595e-08 &       2.488485e-01 &           1.728198e-02 &             2.787317e-01 &             4.948097e-02 &       2.773049e-01 &       7.271576e-01 &             1.000000e+00 \\
\bottomrule
\end{tabular}
