\begin{tabular}{lrrrrrrrrr}
\toprule
{} &  boeck2015/tempodetector2016\_default &  davies2009/mirex\_qm\_tempotracker &  percival2014/stem &  schreiber2014/default &  schreiber2017/ismir2017 &  schreiber2017/mirex2017 &  schreiber2018/cnn &  schreiber2018/fcn &  schreiber2018/ismir2018 \\
Estimator                           &                                      &                                   &                    &                        &                          &                          &                    &                    &                          \\
\midrule
boeck2015/tempodetector2016\_default &                             1.000000 &                      1.143158e-06 &       6.950891e-01 &               0.321537 &                 0.320050 &                 0.320050 &           0.211801 &           0.077152 &                 0.305961 \\
davies2009/mirex\_qm\_tempotracker    &                             0.000001 &                      1.000000e+00 &       9.199257e-07 &               0.757185 &                 0.754971 &                 0.754971 &           0.000030 &           0.000073 &                 0.000002 \\
percival2014/stem                   &                             0.695089 &                      9.199257e-07 &       1.000000e+00 &               0.322575 &                 0.321155 &                 0.321155 &           0.130845 &           0.068045 &                 0.139225 \\
schreiber2014/default               &                             0.321537 &                      7.571854e-01 &       3.225747e-01 &               1.000000 &                 0.814629 &                 0.814629 &           0.336649 &           0.377544 &                 0.336530 \\
schreiber2017/ismir2017             &                             0.320050 &                      7.549714e-01 &       3.211549e-01 &               0.814629 &                 1.000000 &                 1.000000 &           0.335109 &           0.376036 &                 0.335069 \\
schreiber2017/mirex2017             &                             0.320050 &                      7.549714e-01 &       3.211549e-01 &               0.814629 &                 1.000000 &                 1.000000 &           0.335109 &           0.376036 &                 0.335069 \\
schreiber2018/cnn                   &                             0.211801 &                      3.033051e-05 &       1.308452e-01 &               0.336649 &                 0.335109 &                 0.335109 &           1.000000 &           0.714821 &                 0.334282 \\
schreiber2018/fcn                   &                             0.077152 &                      7.275198e-05 &       6.804502e-02 &               0.377544 &                 0.376036 &                 0.376036 &           0.714821 &           1.000000 &                 0.167078 \\
schreiber2018/ismir2018             &                             0.305961 &                      2.150128e-06 &       1.392253e-01 &               0.336530 &                 0.335069 &                 0.335069 &           0.334282 &           0.167078 &                 1.000000 \\
\bottomrule
\end{tabular}
