\begin{tabular}{lrrrrrrrrr}
\toprule
{} &  boeck2015/tempodetector2016\_default &  davies2009/mirex\_qm\_tempotracker &  percival2014/stem &  schreiber2014/default &  schreiber2017/ismir2017 &  schreiber2017/mirex2017 &  schreiber2018/cnn &  schreiber2018/fcn &  schreiber2018/ismir2018 \\
Estimator                           &                                      &                                   &                    &                        &                          &                          &                    &                    &                          \\
\midrule
boeck2015/tempodetector2016\_default &                         1.000000e+00 &                      8.736027e-06 &       4.977791e-05 &               0.104937 &             2.513012e-11 &             2.513009e-11 &       1.860730e-09 &       1.310949e-08 &             3.506921e-10 \\
davies2009/mirex\_qm\_tempotracker    &                         8.736027e-06 &                      1.000000e+00 &       1.605702e-06 &               0.286217 &             4.181508e-07 &             4.181505e-07 &       4.956345e-07 &       6.223427e-07 &             4.194820e-07 \\
percival2014/stem                   &                         4.977791e-05 &                      1.605702e-06 &       1.000000e+00 &               0.064030 &             5.000518e-16 &             5.000451e-16 &       3.050945e-07 &       3.906106e-05 &             3.024099e-12 \\
schreiber2014/default               &                         1.049369e-01 &                      2.862172e-01 &       6.403031e-02 &               1.000000 &             4.167464e-02 &             4.167463e-02 &       4.294682e-02 &       4.596782e-02 &             4.070382e-02 \\
schreiber2017/ismir2017             &                         2.513012e-11 &                      4.181508e-07 &       5.000518e-16 &               0.041675 &             1.000000e+00 &             4.276668e-01 &       7.770383e-01 &       3.384451e-01 &             7.668484e-01 \\
schreiber2017/mirex2017             &                         2.513009e-11 &                      4.181505e-07 &       5.000451e-16 &               0.041675 &             4.276668e-01 &             1.000000e+00 &       7.770360e-01 &       3.384436e-01 &             7.668511e-01 \\
schreiber2018/cnn                   &                         1.860730e-09 &                      4.956345e-07 &       3.050945e-07 &               0.042947 &             7.770383e-01 &             7.770360e-01 &       1.000000e+00 &       3.747245e-01 &             4.596155e-01 \\
schreiber2018/fcn                   &                         1.310949e-08 &                      6.223427e-07 &       3.906106e-05 &               0.045968 &             3.384451e-01 &             3.384436e-01 &       3.747245e-01 &       1.000000e+00 &             4.740284e-02 \\
schreiber2018/ismir2018             &                         3.506921e-10 &                      4.194820e-07 &       3.024099e-12 &               0.040704 &             7.668484e-01 &             7.668511e-01 &       4.596155e-01 &       4.740284e-02 &             1.000000e+00 \\
\bottomrule
\end{tabular}
