\begin{tabular}{lrrrrrrrrr}
\toprule
{} &  boeck2015/tempodetector2016\_default &  davies2009/mirex\_qm\_tempotracker &  percival2014/stem &  schreiber2014/default &  schreiber2017/ismir2017 &  schreiber2017/mirex2017 &  schreiber2018/cnn &  schreiber2018/fcn &  schreiber2018/ismir2018 \\
Estimator                           &                                      &                                   &                    &                        &                          &                          &                    &                    &                          \\
\midrule
boeck2015/tempodetector2016\_default &                         1.000000e+00 &                      9.940659e-17 &       2.105454e-07 &           3.552811e-04 &             6.855642e-04 &             6.455803e-03 &       2.168924e-05 &       1.005858e-07 &             2.746577e-07 \\
davies2009/mirex\_qm\_tempotracker    &                         9.940659e-17 &                      1.000000e+00 &       8.837556e-05 &           1.388856e-08 &             5.257317e-09 &             2.427174e-10 &       1.683763e-07 &       2.568720e-05 &             1.009613e-05 \\
percival2014/stem                   &                         2.105454e-07 &                      8.837556e-05 &       1.000000e+00 &           3.145045e-02 &             1.699465e-02 &             3.372233e-03 &       1.550019e-01 &       6.349918e-01 &             6.025370e-01 \\
schreiber2014/default               &                         3.552811e-04 &                      1.388856e-08 &       3.145045e-02 &           1.000000e+00 &             1.000000e+00 &             4.708790e-01 &       3.740026e-01 &       8.168153e-02 &             8.719706e-02 \\
schreiber2017/ismir2017             &                         6.855642e-04 &                      5.257317e-09 &       1.699465e-02 &           1.000000e+00 &             1.000000e+00 &             6.250000e-02 &       3.134999e-01 &       8.120887e-02 &             6.890881e-02 \\
schreiber2017/mirex2017             &                         6.455803e-03 &                      2.427174e-10 &       3.372233e-03 &           4.708790e-01 &             6.250000e-02 &             1.000000e+00 &       9.795444e-02 &       1.924129e-02 &             1.393388e-02 \\
schreiber2018/cnn                   &                         2.168924e-05 &                      1.683763e-07 &       1.550019e-01 &           3.740026e-01 &             3.134999e-01 &             9.795444e-02 &       1.000000e+00 &       4.101027e-01 &             3.712980e-01 \\
schreiber2018/fcn                   &                         1.005858e-07 &                      2.568720e-05 &       6.349918e-01 &           8.168153e-02 &             8.120887e-02 &             1.924129e-02 &       4.101027e-01 &       1.000000e+00 &             8.897069e-01 \\
schreiber2018/ismir2018             &                         2.746577e-07 &                      1.009613e-05 &       6.025370e-01 &           8.719706e-02 &             6.890881e-02 &             1.393388e-02 &       3.712980e-01 &       8.897069e-01 &             1.000000e+00 \\
\bottomrule
\end{tabular}
