\begin{tabular}{lrrrrrrrrrrrrr}
\toprule
{} &  boeck2015/tempodetector2016\_default &  boeck2019/multi\_task &  boeck2019/multi\_task\_hjdb &  boeck2020/dar &  davies2009/mirex\_qm\_tempotracker &  percival2014/stem &  schreiber2014/default &  schreiber2017/ismir2017 &  schreiber2017/mirex2017 &  schreiber2018/cnn &  schreiber2018/fcn &  schreiber2018/ismir2018 &  sun2021/default \\
Estimator                           &                                      &                       &                            &                &                                   &                    &                        &                          &                          &                    &                    &                          &                  \\
\midrule
boeck2015/tempodetector2016\_default &                         1.000000e+00 &          1.292250e-15 &               1.477295e-13 &   1.530711e-17 &                      2.106613e-22 &       2.862915e-01 &           9.555517e-03 &             2.228320e-02 &             1.219470e-07 &       9.936132e-01 &       2.140187e-01 &             8.692770e-01 &     7.930157e-03 \\
boeck2019/multi\_task                &                         1.292250e-15 &          1.000000e+00 &               5.026518e-02 &   6.455501e-01 &                      7.256483e-61 &       7.828529e-21 &           4.409933e-15 &             3.202798e-14 &             2.657993e-03 &       3.430962e-23 &       9.537524e-15 &             1.717115e-26 &     8.183895e-13 \\
boeck2019/multi\_task\_hjdb           &                         1.477295e-13 &          5.026518e-02 &               1.000000e+00 &   7.633418e-02 &                      6.272656e-60 &       4.208831e-18 &           2.197301e-12 &             1.816774e-11 &             4.174751e-02 &       8.082943e-20 &       4.960075e-12 &             3.196866e-22 &     9.322983e-10 \\
boeck2020/dar                       &                         1.530711e-17 &          6.455501e-01 &               7.633418e-02 &   1.000000e+00 &                      7.985148e-56 &       5.342488e-18 &           3.865234e-13 &             6.836664e-13 &             9.685328e-04 &       2.564076e-24 &       1.470606e-16 &             4.799533e-23 &     1.191614e-12 \\
davies2009/mirex\_qm\_tempotracker    &                         2.106613e-22 &          7.256483e-61 &               6.272656e-60 &   7.985148e-56 &                      1.000000e+00 &       8.839247e-45 &           7.242777e-48 &             2.391459e-40 &             8.247451e-43 &       8.056240e-35 &       7.465133e-34 &             6.278776e-35 &     2.715148e-40 \\
percival2014/stem                   &                         2.862915e-01 &          7.828529e-21 &               4.208831e-18 &   5.342488e-18 &                      8.839247e-45 &       1.000000e+00 &           1.119675e-02 &             5.901675e-02 &             6.596564e-08 &       1.344432e-01 &       8.895202e-01 &             7.496818e-02 &     5.828149e-02 \\
schreiber2014/default               &                         9.555517e-03 &          4.409933e-15 &               2.197301e-12 &   3.865234e-13 &                      7.242777e-48 &       1.119675e-02 &           1.000000e+00 &             6.544052e-01 &             4.070496e-04 &       2.503738e-05 &       6.263929e-02 &             6.101536e-06 &     8.546118e-01 \\
schreiber2017/ismir2017             &                         2.228320e-02 &          3.202798e-14 &               1.816774e-11 &   6.836664e-13 &                      2.391459e-40 &       5.901675e-02 &           6.544052e-01 &             1.000000e+00 &             1.627755e-06 &       8.697884e-04 &       1.841938e-01 &             7.754984e-04 &     8.450244e-01 \\
schreiber2017/mirex2017             &                         1.219470e-07 &          2.657993e-03 &               4.174751e-02 &   9.685328e-04 &                      8.247451e-43 &       6.596564e-08 &           4.070496e-04 &             1.627755e-06 &             1.000000e+00 &       5.337395e-11 &       4.130553e-06 &             1.800167e-11 &     4.164424e-04 \\
schreiber2018/cnn                   &                         9.936132e-01 &          3.430962e-23 &               8.082943e-20 &   2.564076e-24 &                      8.056240e-35 &       1.344432e-01 &           2.503738e-05 &             8.697884e-04 &             5.337395e-11 &       1.000000e+00 &       1.066695e-01 &             7.890301e-01 &     3.276787e-04 \\
schreiber2018/fcn                   &                         2.140187e-01 &          9.537524e-15 &               4.960075e-12 &   1.470606e-16 &                      7.465133e-34 &       8.895202e-01 &           6.263929e-02 &             1.841938e-01 &             4.130553e-06 &       1.066695e-01 &       1.000000e+00 &             8.889814e-02 &     1.088966e-01 \\
schreiber2018/ismir2018             &                         8.692770e-01 &          1.717115e-26 &               3.196866e-22 &   4.799533e-23 &                      6.278776e-35 &       7.496818e-02 &           6.101536e-06 &             7.754984e-04 &             1.800167e-11 &       7.890301e-01 &       8.889814e-02 &             1.000000e+00 &     1.182686e-04 \\
sun2021/default                     &                         7.930157e-03 &          8.183895e-13 &               9.322983e-10 &   1.191614e-12 &                      2.715148e-40 &       5.828149e-02 &           8.546118e-01 &             8.450244e-01 &             4.164424e-04 &       3.276787e-04 &       1.088966e-01 &             1.182686e-04 &     1.000000e+00 \\
\bottomrule
\end{tabular}
