\begin{tabular}{lrrrrrrrrr}
\toprule
{} &  boeck2015/tempodetector2016\_default &  davies2009/mirex\_qm\_tempotracker &  percival2014/stem &  schreiber2014/default &  schreiber2017/ismir2017 &  schreiber2017/mirex2017 &  schreiber2018/cnn &  schreiber2018/fcn &  schreiber2018/ismir2018 \\
Estimator                           &                                      &                                   &                    &                        &                          &                          &                    &                    &                          \\
\midrule
boeck2015/tempodetector2016\_default &                         1.000000e+00 &                      6.737015e-15 &       9.589704e-08 &               0.000019 &                 0.000010 &                 0.000161 &           0.000036 &           0.000001 &             1.571392e-09 \\
davies2009/mirex\_qm\_tempotracker    &                         6.737015e-15 &                      1.000000e+00 &       9.743006e-02 &               0.001743 &                 0.004342 &                 0.000501 &           0.004020 &           0.017781 &             3.657593e-01 \\
percival2014/stem                   &                         9.589704e-08 &                      9.743006e-02 &       1.000000e+00 &               0.105003 &                 0.213030 &                 0.051170 &           0.062191 &           0.345852 &             4.702494e-01 \\
schreiber2014/default               &                         1.902351e-05 &                      1.742790e-03 &       1.050028e-01 &               1.000000 &                 0.721297 &                 0.653775 &           0.978849 &           0.522006 &             3.383980e-02 \\
schreiber2017/ismir2017             &                         9.833454e-06 &                      4.342355e-03 &       2.130303e-01 &               0.721297 &                 1.000000 &                 0.025797 &           0.787824 &           0.756948 &             7.101421e-02 \\
schreiber2017/mirex2017             &                         1.614350e-04 &                      5.010308e-04 &       5.117022e-02 &               0.653775 &                 0.025797 &                 1.000000 &           0.690983 &           0.331887 &             1.222080e-02 \\
schreiber2018/cnn                   &                         3.622667e-05 &                      4.019688e-03 &       6.219085e-02 &               0.978849 &                 0.787824 &                 0.690983 &           1.000000 &           0.456472 &             2.630275e-03 \\
schreiber2018/fcn                   &                         1.499579e-06 &                      1.778091e-02 &       3.458525e-01 &               0.522006 &                 0.756948 &                 0.331887 &           0.456472 &           1.000000 &             6.545367e-02 \\
schreiber2018/ismir2018             &                         1.571392e-09 &                      3.657593e-01 &       4.702494e-01 &               0.033840 &                 0.071014 &                 0.012221 &           0.002630 &           0.065454 &             1.000000e+00 \\
\bottomrule
\end{tabular}
