\begin{tabular}{lrrrrrrrrrrrr}
\toprule
{} &  boeck2015/tempodetector2016\_default &  boeck2019/multi\_task &  boeck2019/multi\_task\_hjdb &  boeck2020/dar &  davies2009/mirex\_qm\_tempotracker &  percival2014/stem &  schreiber2014/default &  schreiber2017/ismir2017 &  schreiber2017/mirex2017 &  schreiber2018/cnn &  schreiber2018/fcn &  schreiber2018/ismir2018 \\
Estimator                           &                                      &                       &                            &                &                                   &                    &                        &                          &                          &                    &                    &                          \\
\midrule
boeck2015/tempodetector2016\_default &                         1.000000e+00 &          4.966174e-01 &               9.887175e-02 &   5.327093e-01 &                      9.940659e-17 &       2.105454e-07 &           3.552811e-04 &             3.069470e-04 &             1.496259e-03 &       2.168924e-05 &       1.005858e-07 &             2.746577e-07 \\
boeck2019/multi\_task                &                         4.966174e-01 &          1.000000e+00 &               4.868502e-01 &   1.081290e-01 &                      8.284452e-14 &       5.656215e-06 &           8.641500e-03 &             7.148734e-03 &             3.001586e-02 &       9.142746e-04 &       4.368932e-05 &             1.919969e-05 \\
boeck2019/multi\_task\_hjdb           &                         9.887175e-02 &          4.868502e-01 &               1.000000e+00 &   1.133098e-02 &                      1.240251e-12 &       1.071477e-04 &           4.022356e-02 &             3.314397e-02 &             9.837065e-02 &       7.084253e-03 &       5.387802e-04 &             4.496480e-04 \\
boeck2020/dar                       &                         5.327093e-01 &          1.081290e-01 &               1.133098e-02 &   1.000000e+00 &                      5.909637e-19 &       5.257317e-09 &           2.087657e-05 &             1.916779e-05 &             2.037219e-04 &       4.713242e-06 &       2.307074e-08 &             6.083250e-08 \\
davies2009/mirex\_qm\_tempotracker    &                         9.940659e-17 &          8.284452e-14 &               1.240251e-12 &   5.909637e-19 &                      1.000000e+00 &       8.837556e-05 &           1.388856e-08 &             3.495894e-08 &             5.153955e-09 &       1.683763e-07 &       2.568720e-05 &             1.009613e-05 \\
percival2014/stem                   &                         2.105454e-07 &          5.656215e-06 &               1.071477e-04 &   5.257317e-09 &                      8.837556e-05 &       1.000000e+00 &           3.145045e-02 &             3.766692e-02 &             1.450754e-02 &       1.550019e-01 &       6.349918e-01 &             6.025370e-01 \\
schreiber2014/default               &                         3.552811e-04 &          8.641500e-03 &               4.022356e-02 &   2.087657e-05 &                      1.388856e-08 &       3.145045e-02 &           1.000000e+00 &             1.000000e+00 &             7.708670e-01 &       3.740026e-01 &       8.168153e-02 &             8.719706e-02 \\
schreiber2017/ismir2017             &                         3.069470e-04 &          7.148734e-03 &               3.314397e-02 &   1.916779e-05 &                      3.495894e-08 &       3.766692e-02 &           1.000000e+00 &             1.000000e+00 &             3.437500e-01 &       4.496918e-01 &       1.095566e-01 &             1.095566e-01 \\
schreiber2017/mirex2017             &                         1.496259e-03 &          3.001586e-02 &               9.837065e-02 &   2.037219e-04 &                      5.153955e-09 &       1.450754e-02 &           7.708670e-01 &             3.437500e-01 &             1.000000e+00 &       2.077121e-01 &       4.512695e-02 &             3.846005e-02 \\
schreiber2018/cnn                   &                         2.168924e-05 &          9.142746e-04 &               7.084253e-03 &   4.713242e-06 &                      1.683763e-07 &       1.550019e-01 &           3.740026e-01 &             4.496918e-01 &             2.077121e-01 &       1.000000e+00 &       4.101027e-01 &             3.712980e-01 \\
schreiber2018/fcn                   &                         1.005858e-07 &          4.368932e-05 &               5.387802e-04 &   2.307074e-08 &                      2.568720e-05 &       6.349918e-01 &           8.168153e-02 &             1.095566e-01 &             4.512695e-02 &       4.101027e-01 &       1.000000e+00 &             8.897069e-01 \\
schreiber2018/ismir2018             &                         2.746577e-07 &          1.919969e-05 &               4.496480e-04 &   6.083250e-08 &                      1.009613e-05 &       6.025370e-01 &           8.719706e-02 &             1.095566e-01 &             3.846005e-02 &       3.712980e-01 &       8.897069e-01 &             1.000000e+00 \\
\bottomrule
\end{tabular}
