\begin{tabular}{lrrrrrrrrrrr}
\toprule
{} &  boeck2015/tempodetector2016\_default &  boeck2019/multi\_task &  boeck2019/multi\_task\_hjdb &  davies2009/mirex\_qm\_tempotracker &  percival2014/stem &  schreiber2014/default &  schreiber2017/ismir2017 &  schreiber2017/mirex2017 &  schreiber2018/cnn &  schreiber2018/fcn &  schreiber2018/ismir2018 \\
Estimator                           &                                      &                       &                            &                                   &                    &                        &                          &                          &                    &                    &                          \\
\midrule
boeck2015/tempodetector2016\_default &                         1.000000e+00 &          7.610419e-03 &               2.808703e-03 &                      2.556247e-17 &       9.175860e-01 &           3.171105e-01 &             7.242075e-01 &             3.544226e-02 &       6.264270e-01 &       5.600329e-01 &             9.935749e-01 \\
boeck2019/multi\_task                &                         7.610419e-03 &          1.000000e+00 &               5.861081e-01 &                      3.319970e-21 &       2.463097e-04 &           1.724750e-02 &             1.470811e-03 &             2.972794e-01 &       7.429081e-03 &       1.412914e-02 &             1.480646e-03 \\
boeck2019/multi\_task\_hjdb           &                         2.808703e-03 &          5.861081e-01 &               1.000000e+00 &                      1.253381e-22 &       4.700150e-05 &           3.318359e-03 &             2.689661e-04 &             1.625407e-01 &       2.045448e-03 &       5.502392e-03 &             2.945389e-04 \\
davies2009/mirex\_qm\_tempotracker    &                         2.556247e-17 &          3.319970e-21 &               1.253381e-22 &                      1.000000e+00 &       1.120657e-23 &           1.328144e-25 &             3.876573e-23 &             7.240175e-23 &       3.338781e-25 &       2.593627e-21 &             9.078186e-24 \\
percival2014/stem                   &                         9.175860e-01 &          2.463097e-04 &               4.700150e-05 &                      1.120657e-23 &       1.000000e+00 &           8.201992e-02 &             5.074188e-01 &             1.159586e-02 &       4.472012e-01 &       4.224760e-01 &             8.930961e-01 \\
schreiber2014/default               &                         3.171105e-01 &          1.724750e-02 &               3.318359e-03 &                      1.328144e-25 &       8.201992e-02 &           1.000000e+00 &             2.736603e-01 &             2.125358e-01 &       3.600604e-01 &       5.564177e-01 &             1.016034e-01 \\
schreiber2017/ismir2017             &                         7.242075e-01 &          1.470811e-03 &               2.689661e-04 &                      3.876573e-23 &       5.074188e-01 &           2.736603e-01 &             1.000000e+00 &             2.115974e-02 &       8.764930e-01 &       8.017584e-01 &             6.324921e-01 \\
schreiber2017/mirex2017             &                         3.544226e-02 &          2.972794e-01 &               1.625407e-01 &                      7.240175e-23 &       1.159586e-02 &           2.125358e-01 &             2.115974e-02 &             1.000000e+00 &       6.509622e-02 &       1.047973e-01 &             1.972083e-02 \\
schreiber2018/cnn                   &                         6.264270e-01 &          7.429081e-03 &               2.045448e-03 &                      3.338781e-25 &       4.472012e-01 &           3.600604e-01 &             8.764930e-01 &             6.509622e-02 &       1.000000e+00 &       8.919554e-01 &             4.228727e-01 \\
schreiber2018/fcn                   &                         5.600329e-01 &          1.412914e-02 &               5.502392e-03 &                      2.593627e-21 &       4.224760e-01 &           5.564177e-01 &             8.017584e-01 &             1.047973e-01 &       8.919554e-01 &       1.000000e+00 &             4.813998e-01 \\
schreiber2018/ismir2018             &                         9.935749e-01 &          1.480646e-03 &               2.945389e-04 &                      9.078186e-24 &       8.930961e-01 &           1.016034e-01 &             6.324921e-01 &             1.972083e-02 &       4.228727e-01 &       4.813998e-01 &             1.000000e+00 \\
\bottomrule
\end{tabular}
