\begin{tabular}{lrrrrrrrrrrr}
\toprule
{} &  boeck2015/tempodetector2016\_default &  boeck2019/multi\_task &  boeck2019/multi\_task\_hjdb &  davies2009/mirex\_qm\_tempotracker &  percival2014/stem &  schreiber2014/default &  schreiber2017/ismir2017 &  schreiber2017/mirex2017 &  schreiber2018/cnn &  schreiber2018/fcn &  schreiber2018/ismir2018 \\
Estimator                           &                                      &                       &                            &                                   &                    &                        &                          &                          &                    &                    &                          \\
\midrule
boeck2015/tempodetector2016\_default &                         1.000000e+00 &          3.906463e-01 &               5.450099e-02 &                      6.737015e-15 &       9.589704e-08 &               0.000019 &                 0.000017 &                 0.000188 &           0.000036 &           0.000001 &             1.571392e-09 \\
boeck2019/multi\_task                &                         3.906463e-01 &          1.000000e+00 &               1.007316e-01 &                      1.652961e-11 &       5.080551e-07 &               0.000072 &                 0.000191 &                 0.001641 &           0.000400 &           0.000040 &             1.607323e-08 \\
boeck2019/multi\_task\_hjdb           &                         5.450099e-02 &          1.007316e-01 &               1.000000e+00 &                      1.524534e-08 &       3.290410e-05 &               0.003408 &                 0.003333 &                 0.022724 &           0.009226 &           0.001077 &             2.950875e-06 \\
davies2009/mirex\_qm\_tempotracker    &                         6.737015e-15 &          1.652961e-11 &               1.524534e-08 &                      1.000000e+00 &       9.743006e-02 &               0.001743 &                 0.003907 &                 0.000348 &           0.004020 &           0.017781 &             3.657593e-01 \\
percival2014/stem                   &                         9.589704e-08 &          5.080551e-07 &               3.290410e-05 &                      9.743006e-02 &       1.000000e+00 &               0.105003 &                 0.135162 &                 0.027430 &           0.062191 &           0.345852 &             4.702494e-01 \\
schreiber2014/default               &                         1.902351e-05 &          7.156933e-05 &               3.407770e-03 &                      1.742790e-03 &       1.050028e-01 &               1.000000 &                 0.890405 &                 0.420163 &           0.978849 &           0.522006 &             3.383980e-02 \\
schreiber2017/ismir2017             &                         1.705071e-05 &          1.911300e-04 &               3.332629e-03 &                      3.907144e-03 &       1.351624e-01 &               0.890405 &                 1.000000 &                 0.199153 &           0.934924 &           0.587273 &             2.989850e-02 \\
schreiber2017/mirex2017             &                         1.879402e-04 &          1.640531e-03 &               2.272414e-02 &                      3.481022e-04 &       2.743025e-02 &               0.420163 &                 0.199153 &                 1.000000 &           0.518382 &           0.208741 &             4.091568e-03 \\
schreiber2018/cnn                   &                         3.622667e-05 &          4.002607e-04 &               9.225530e-03 &                      4.019688e-03 &       6.219085e-02 &               0.978849 &                 0.934924 &                 0.518382 &           1.000000 &           0.456472 &             2.630275e-03 \\
schreiber2018/fcn                   &                         1.499579e-06 &          4.036244e-05 &               1.077144e-03 &                      1.778091e-02 &       3.458525e-01 &               0.522006 &                 0.587273 &                 0.208741 &           0.456472 &           1.000000 &             6.545367e-02 \\
schreiber2018/ismir2018             &                         1.571392e-09 &          1.607323e-08 &               2.950875e-06 &                      3.657593e-01 &       4.702494e-01 &               0.033840 &                 0.029898 &                 0.004092 &           0.002630 &           0.065454 &             1.000000e+00 \\
\bottomrule
\end{tabular}
