\begin{tabular}{lrrrrrrrrrrrr}
\toprule
{} &  boeck2015/tempodetector2016\_default &  boeck2019/multi\_task &  boeck2019/multi\_task\_hjdb &  boeck2020/dar &  davies2009/mirex\_qm\_tempotracker &  percival2014/stem &  schreiber2014/default &  schreiber2017/ismir2017 &  schreiber2017/mirex2017 &  schreiber2018/cnn &  schreiber2018/fcn &  schreiber2018/ismir2018 \\
Estimator                           &                                      &                       &                            &                &                                   &                    &                        &                          &                          &                    &                    &                          \\
\midrule
boeck2015/tempodetector2016\_default &                         1.000000e+00 &          6.985354e-01 &               5.758493e-01 &   2.602171e-03 &                      1.204638e-17 &       5.656215e-06 &           2.227532e-03 &             3.689964e-03 &             5.681724e-01 &       1.090084e-03 &       5.152397e-03 &             5.062266e-05 \\
boeck2019/multi\_task                &                         6.985354e-01 &          1.000000e+00 &               1.000000e+00 &   3.058640e-04 &                      3.603774e-13 &       1.691362e-05 &           1.250255e-02 &             1.513408e-02 &             1.000000e+00 &       9.542211e-03 &       3.266255e-02 &             5.387802e-04 \\
boeck2019/multi\_task\_hjdb           &                         5.758493e-01 &          1.000000e+00 &               1.000000e+00 &   1.980395e-04 &                      1.367383e-13 &       2.568720e-05 &           9.073340e-03 &             1.833709e-02 &             8.897069e-01 &       9.210490e-03 &       4.813101e-02 &             4.402850e-04 \\
boeck2020/dar                       &                         2.602171e-03 &          3.058640e-04 &               1.980395e-04 &   1.000000e+00 &                      4.467940e-23 &       1.047661e-11 &           1.347767e-08 &             9.842847e-08 &             7.299045e-04 &       2.303440e-08 &       1.587799e-07 &             1.193408e-09 \\
davies2009/mirex\_qm\_tempotracker    &                         1.204638e-17 &          3.603774e-13 &               1.367383e-13 &   4.467940e-23 &                      1.000000e+00 &       3.121310e-06 &           4.322107e-10 &             5.562672e-10 &             9.099723e-15 &       1.967493e-11 &       1.906736e-11 &             2.457978e-08 \\
percival2014/stem                   &                         5.656215e-06 &          1.691362e-05 &               2.568720e-05 &   1.047661e-11 &                      3.121310e-06 &       1.000000e+00 &           4.022356e-02 &             2.409291e-02 &             3.376814e-05 &       6.490865e-02 &       2.474604e-02 &             4.513808e-01 \\
schreiber2014/default               &                         2.227532e-03 &          1.250255e-02 &               9.073340e-03 &   1.347767e-08 &                      4.322107e-10 &       4.022356e-02 &           1.000000e+00 &             1.000000e+00 &             1.045482e-02 &       8.679394e-01 &       8.803958e-01 &             2.026388e-01 \\
schreiber2017/ismir2017             &                         3.689964e-03 &          1.513408e-02 &               1.833709e-02 &   9.842847e-08 &                      5.562672e-10 &       2.409291e-02 &           1.000000e+00 &             1.000000e+00 &             2.563208e-03 &       7.659918e-01 &       1.000000e+00 &             1.524078e-01 \\
schreiber2017/mirex2017             &                         5.681724e-01 &          1.000000e+00 &               8.897069e-01 &   7.299045e-04 &                      9.099723e-15 &       3.376814e-05 &           1.045482e-02 &             2.563208e-03 &             1.000000e+00 &       5.354860e-03 &       3.558272e-02 &             2.871184e-04 \\
schreiber2018/cnn                   &                         1.090084e-03 &          9.542211e-03 &               9.210490e-03 &   2.303440e-08 &                      1.967493e-11 &       6.490865e-02 &           8.679394e-01 &             7.659918e-01 &             5.354860e-03 &       1.000000e+00 &       6.654658e-01 &             2.004884e-01 \\
schreiber2018/fcn                   &                         5.152397e-03 &          3.266255e-02 &               4.813101e-02 &   1.587799e-07 &                      1.906736e-11 &       2.474604e-02 &           8.803958e-01 &             1.000000e+00 &             3.558272e-02 &       6.654658e-01 &       1.000000e+00 &             1.114029e-01 \\
schreiber2018/ismir2018             &                         5.062266e-05 &          5.387802e-04 &               4.402850e-04 &   1.193408e-09 &                      2.457978e-08 &       4.513808e-01 &           2.026388e-01 &             1.524078e-01 &             2.871184e-04 &       2.004884e-01 &       1.114029e-01 &             1.000000e+00 \\
\bottomrule
\end{tabular}
