\begin{tabular}{lrrrrrrrrr}
\toprule
{} &  boeck2015/tempodetector2016\_default &  davies2009/mirex\_qm\_tempotracker &  percival2014/stem &  schreiber2014/default &  schreiber2017/ismir2017 &  schreiber2017/mirex2017 &  schreiber2018/cnn &  schreiber2018/fcn &  schreiber2018/ismir2018 \\
Estimator                           &                                      &                                   &                    &                        &                          &                          &                    &                    &                          \\
\midrule
boeck2015/tempodetector2016\_default &                         1.000000e+00 &                      2.106613e-22 &       2.862915e-01 &           9.555517e-03 &             5.854623e-06 &             1.002992e-14 &       9.936132e-01 &       2.140187e-01 &             8.692770e-01 \\
davies2009/mirex\_qm\_tempotracker    &                         2.106613e-22 &                      1.000000e+00 &       8.839247e-45 &           7.242777e-48 &             5.768097e-35 &             4.764426e-47 &       8.056240e-35 &       7.465133e-34 &             6.278776e-35 \\
percival2014/stem                   &                         2.862915e-01 &                      8.839247e-45 &       1.000000e+00 &           1.119675e-02 &             8.540789e-06 &             4.265590e-16 &       1.344432e-01 &       8.895202e-01 &             7.496818e-02 \\
schreiber2014/default               &                         9.555517e-03 &                      7.242777e-48 &       1.119675e-02 &           1.000000e+00 &             8.100219e-03 &             3.660824e-10 &       2.503738e-05 &       6.263929e-02 &             6.101536e-06 \\
schreiber2017/ismir2017             &                         5.854623e-06 &                      5.768097e-35 &       8.540789e-06 &           8.100219e-03 &             1.000000e+00 &             1.186031e-10 &       5.481945e-07 &       2.767524e-04 &             4.379313e-07 \\
schreiber2017/mirex2017             &                         1.002992e-14 &                      4.764426e-47 &       4.265590e-16 &           3.660824e-10 &             1.186031e-10 &             1.000000e+00 &       5.816911e-19 &       4.693444e-13 &             6.875816e-18 \\
schreiber2018/cnn                   &                         9.936132e-01 &                      8.056240e-35 &       1.344432e-01 &           2.503738e-05 &             5.481945e-07 &             5.816911e-19 &       1.000000e+00 &       1.066695e-01 &             7.890301e-01 \\
schreiber2018/fcn                   &                         2.140187e-01 &                      7.465133e-34 &       8.895202e-01 &           6.263929e-02 &             2.767524e-04 &             4.693444e-13 &       1.066695e-01 &       1.000000e+00 &             8.889814e-02 \\
schreiber2018/ismir2018             &                         8.692770e-01 &                      6.278776e-35 &       7.496818e-02 &           6.101536e-06 &             4.379313e-07 &             6.875816e-18 &       7.890301e-01 &       8.889814e-02 &             1.000000e+00 \\
\bottomrule
\end{tabular}
