\begin{tabular}{lrrrrrrrrr}
\toprule
{} &  boeck2015/tempodetector2016\_default &  davies2009/mirex\_qm\_tempotracker &  percival2014/stem &  schreiber2014/default &  schreiber2017/ismir2017 &  schreiber2017/mirex2017 &  schreiber2018/cnn &  schreiber2018/fcn &  schreiber2018/ismir2018 \\
Estimator                           &                                      &                                   &                    &                        &                          &                          &                    &                    &                          \\
\midrule
boeck2015/tempodetector2016\_default &                         1.000000e+00 &                      1.959888e-08 &       3.092199e-31 &           5.789366e-42 &             9.447871e-27 &             1.724922e-26 &       6.098340e-01 &       1.496164e-03 &             6.749867e-01 \\
davies2009/mirex\_qm\_tempotracker    &                         1.959888e-08 &                      1.000000e+00 &       8.085441e-12 &           2.825185e-14 &             4.301298e-08 &             1.055783e-07 &       2.389545e-09 &       1.877097e-02 &             6.224673e-13 \\
percival2014/stem                   &                         3.092199e-31 &                      8.085441e-12 &       1.000000e+00 &           8.641500e-03 &             1.013016e-01 &             5.189390e-02 &       1.793704e-29 &       3.970008e-18 &             1.537624e-30 \\
schreiber2014/default               &                         5.789366e-42 &                      2.825185e-14 &       8.641500e-03 &           1.000000e+00 &             1.407416e-05 &             7.513043e-07 &       8.407658e-36 &       2.407823e-26 &             1.460257e-36 \\
schreiber2017/ismir2017             &                         9.447871e-27 &                      4.301298e-08 &       1.013016e-01 &           1.407416e-05 &             1.000000e+00 &             1.000000e+00 &       6.146513e-30 &       1.927582e-18 &             6.767917e-31 \\
schreiber2017/mirex2017             &                         1.724922e-26 &                      1.055783e-07 &       5.189390e-02 &           7.513043e-07 &             1.000000e+00 &             1.000000e+00 &       1.123875e-26 &       8.471158e-18 &             2.642344e-28 \\
schreiber2018/cnn                   &                         6.098340e-01 &                      2.389545e-09 &       1.793704e-29 &           8.407658e-36 &             6.146513e-30 &             1.123875e-26 &       1.000000e+00 &       4.566611e-07 &             1.000000e+00 \\
schreiber2018/fcn                   &                         1.496164e-03 &                      1.877097e-02 &       3.970008e-18 &           2.407823e-26 &             1.927582e-18 &             8.471158e-18 &       4.566611e-07 &       1.000000e+00 &             1.296708e-05 \\
schreiber2018/ismir2018             &                         6.749867e-01 &                      6.224673e-13 &       1.537624e-30 &           1.460257e-36 &             6.767917e-31 &             2.642344e-28 &       1.000000e+00 &       1.296708e-05 &             1.000000e+00 \\
\bottomrule
\end{tabular}
