\begin{tabular}{lrrrrrrrrr}
\toprule
{} &  boeck2015/tempodetector2016\_default &  davies2009/mirex\_qm\_tempotracker &  percival2014/stem &  schreiber2014/default &  schreiber2017/ismir2017 &  schreiber2017/mirex2017 &  schreiber2018/cnn &  schreiber2018/fcn &  schreiber2018/ismir2018 \\
Estimator                           &                                      &                                   &                    &                        &                          &                          &                    &                    &                          \\
\midrule
boeck2015/tempodetector2016\_default &                         1.000000e+00 &                      1.243370e-12 &           0.191075 &           1.191803e-09 &             1.144185e-10 &             3.262931e-09 &       8.879891e-01 &       3.846153e-05 &             3.670357e-01 \\
davies2009/mirex\_qm\_tempotracker    &                         1.243370e-12 &                      1.000000e+00 &           0.003207 &           1.508408e-18 &             1.039724e-19 &             2.711408e-19 &       9.827315e-08 &       1.040355e-15 &             3.358902e-09 \\
percival2014/stem                   &                         1.910750e-01 &                      3.207164e-03 &           1.000000 &           2.589262e-01 &             1.183160e-01 &             2.849587e-01 &       1.920529e-01 &       8.590617e-01 &             2.968558e-01 \\
schreiber2014/default               &                         1.191803e-09 &                      1.508408e-18 &           0.258926 &           1.000000e+00 &             3.157481e-01 &             7.151129e-01 &       1.972200e-09 &       1.011630e-02 &             2.663017e-07 \\
schreiber2017/ismir2017             &                         1.144185e-10 &                      1.039724e-19 &           0.118316 &           3.157481e-01 &             1.000000e+00 &             5.210326e-02 &       1.400603e-09 &       7.888480e-04 &             4.059210e-08 \\
schreiber2017/mirex2017             &                         3.262931e-09 &                      2.711408e-19 &           0.284959 &           7.151129e-01 &             5.210326e-02 &             1.000000e+00 &       1.026435e-07 &       1.660868e-02 &             3.364996e-06 \\
schreiber2018/cnn                   &                         8.879891e-01 &                      9.827315e-08 &           0.192053 &           1.972200e-09 &             1.400603e-09 &             1.026435e-07 &       1.000000e+00 &       1.362834e-05 &             2.089725e-01 \\
schreiber2018/fcn                   &                         3.846153e-05 &                      1.040355e-15 &           0.859062 &           1.011630e-02 &             7.888480e-04 &             1.660868e-02 &       1.362834e-05 &       1.000000e+00 &             2.607982e-04 \\
schreiber2018/ismir2018             &                         3.670357e-01 &                      3.358902e-09 &           0.296856 &           2.663017e-07 &             4.059210e-08 &             3.364996e-06 &       2.089725e-01 &       2.607982e-04 &             1.000000e+00 \\
\bottomrule
\end{tabular}
