\begin{tabular}{lrrrrrrrrr}
\toprule
{} &  boeck2015/tempodetector2016\_default &  davies2009/mirex\_qm\_tempotracker &  percival2014/stem &  schreiber2014/default &  schreiber2017/ismir2017 &  schreiber2017/mirex2017 &  schreiber2018/cnn &  schreiber2018/fcn &  schreiber2018/ismir2018 \\
Estimator                           &                                      &                                   &                    &                        &                          &                          &                    &                    &                          \\
\midrule
boeck2015/tempodetector2016\_default &                         1.000000e+00 &                      1.062189e-07 &       3.734530e-32 &           8.616823e-47 &             2.333164e-28 &             2.456501e-26 &       2.236038e-01 &       2.481705e-04 &             1.791766e-01 \\
davies2009/mirex\_qm\_tempotracker    &                         1.062189e-07 &                      1.000000e+00 &       2.257677e-16 &           1.198687e-21 &             2.393275e-11 &             2.084111e-09 &       1.889253e-10 &       1.556080e-01 &             2.098714e-14 \\
percival2014/stem                   &                         3.734530e-32 &                      2.257677e-16 &       1.000000e+00 &           3.780171e-01 &             2.566846e-03 &             3.980155e-04 &       1.619763e-33 &       4.590469e-19 &             2.878496e-35 \\
schreiber2014/default               &                         8.616823e-47 &                      1.198687e-21 &       3.780171e-01 &           1.000000e+00 &             1.300883e-05 &             1.055972e-06 &       1.415257e-45 &       5.723094e-29 &             2.736613e-47 \\
schreiber2017/ismir2017             &                         2.333164e-28 &                      2.393275e-11 &       2.566846e-03 &           1.300883e-05 &             1.000000e+00 &             1.012305e-01 &       2.764831e-27 &       1.898661e-13 &             8.863908e-30 \\
schreiber2017/mirex2017             &                         2.456501e-26 &                      2.084111e-09 &       3.980155e-04 &           1.055972e-06 &             1.012305e-01 &             1.000000e+00 &       2.431037e-25 &       2.016283e-12 &             3.760235e-27 \\
schreiber2018/cnn                   &                         2.236038e-01 &                      1.889253e-10 &       1.619763e-33 &           1.415257e-45 &             2.764831e-27 &             2.431037e-25 &       1.000000e+00 &       2.939008e-09 &             8.940368e-01 \\
schreiber2018/fcn                   &                         2.481705e-04 &                      1.556080e-01 &       4.590469e-19 &           5.723094e-29 &             1.898661e-13 &             2.016283e-12 &       2.939008e-09 &       1.000000e+00 &             2.096004e-08 \\
schreiber2018/ismir2018             &                         1.791766e-01 &                      2.098714e-14 &       2.878496e-35 &           2.736613e-47 &             8.863908e-30 &             3.760235e-27 &       8.940368e-01 &       2.096004e-08 &             1.000000e+00 \\
\bottomrule
\end{tabular}
