\begin{tabular}{lrrrrrrrrr}
\toprule
{} &  boeck2015/tempodetector2016\_default &  davies2009/mirex\_qm\_tempotracker &  percival2014/stem &  schreiber2014/default &  schreiber2017/ismir2017 &  schreiber2017/mirex2017 &  schreiber2018/cnn &  schreiber2018/fcn &  schreiber2018/ismir2018 \\
Estimator                           &                                      &                                   &                    &                        &                          &                          &                    &                    &                          \\
\midrule
boeck2015/tempodetector2016\_default &                         1.000000e+00 &                      1.062189e-07 &       3.734530e-32 &           8.616823e-47 &             5.112412e-35 &             5.086864e-33 &       2.236038e-01 &       2.481705e-04 &             1.791766e-01 \\
davies2009/mirex\_qm\_tempotracker    &                         1.062189e-07 &                      1.000000e+00 &       2.257677e-16 &           1.198687e-21 &             6.554748e-17 &             1.010032e-14 &       1.889253e-10 &       1.556080e-01 &             2.098714e-14 \\
percival2014/stem                   &                         3.734530e-32 &                      2.257677e-16 &       1.000000e+00 &           3.780171e-01 &             2.561118e-01 &             5.552174e-02 &       1.619763e-33 &       4.590469e-19 &             2.878496e-35 \\
schreiber2014/default               &                         8.616823e-47 &                      1.198687e-21 &       3.780171e-01 &           1.000000e+00 &             1.414738e-02 &             4.720630e-04 &       1.415257e-45 &       5.723094e-29 &             2.736613e-47 \\
schreiber2017/ismir2017             &                         5.112412e-35 &                      6.554748e-17 &       2.561118e-01 &           1.414738e-02 &             1.000000e+00 &             2.189058e-01 &       5.666776e-41 &       6.060866e-25 &             3.484750e-43 \\
schreiber2017/mirex2017             &                         5.086864e-33 &                      1.010032e-14 &       5.552174e-02 &           4.720630e-04 &             2.189058e-01 &             1.000000e+00 &       1.200825e-35 &       1.826850e-22 &             8.685046e-39 \\
schreiber2018/cnn                   &                         2.236038e-01 &                      1.889253e-10 &       1.619763e-33 &           1.415257e-45 &             5.666776e-41 &             1.200825e-35 &       1.000000e+00 &       2.939008e-09 &             8.940368e-01 \\
schreiber2018/fcn                   &                         2.481705e-04 &                      1.556080e-01 &       4.590469e-19 &           5.723094e-29 &             6.060866e-25 &             1.826850e-22 &       2.939008e-09 &       1.000000e+00 &             2.096004e-08 \\
schreiber2018/ismir2018             &                         1.791766e-01 &                      2.098714e-14 &       2.878496e-35 &           2.736613e-47 &             3.484750e-43 &             8.685046e-39 &       8.940368e-01 &       2.096004e-08 &             1.000000e+00 \\
\bottomrule
\end{tabular}
