\begin{tabular}{lrrrrrrrrr}
\toprule
{} &  boeck2015/tempodetector2016\_default &  davies2009/mirex\_qm\_tempotracker &  percival2014/stem &  schreiber2014/default &  schreiber2017/ismir2017 &  schreiber2017/mirex2017 &  schreiber2018/cnn &  schreiber2018/fcn &  schreiber2018/ismir2018 \\
Estimator                           &                                      &                                   &                    &                        &                          &                          &                    &                    &                          \\
\midrule
boeck2015/tempodetector2016\_default &                         1.000000e+00 &                      2.530130e-01 &       1.372946e-22 &           1.104458e-47 &             1.084194e-27 &             2.913925e-29 &       6.729877e-06 &       2.432762e-02 &             2.394657e-05 \\
davies2009/mirex\_qm\_tempotracker    &                         2.530130e-01 &                      1.000000e+00 &       2.663774e-31 &           1.611380e-58 &             1.062535e-40 &             8.038851e-42 &       4.779501e-03 &       1.768175e-03 &             3.315189e-03 \\
percival2014/stem                   &                         1.372946e-22 &                      2.663774e-31 &       1.000000e+00 &           1.224690e-03 &             8.177296e-01 &             8.109938e-01 &       4.695253e-36 &       3.862177e-16 &             5.583352e-36 \\
schreiber2014/default               &                         1.104458e-47 &                      1.611380e-58 &       1.224690e-03 &           1.000000e+00 &             1.322637e-05 &             4.518321e-06 &       2.876002e-68 &       3.177666e-37 &             7.526740e-68 \\
schreiber2017/ismir2017             &                         1.084194e-27 &                      1.062535e-40 &       8.177296e-01 &           1.322637e-05 &             1.000000e+00 &             1.000000e+00 &       5.249476e-51 &       9.664591e-25 &             9.684689e-51 \\
schreiber2017/mirex2017             &                         2.913925e-29 &                      8.038851e-42 &       8.109938e-01 &           4.518321e-06 &             1.000000e+00 &             1.000000e+00 &       1.886761e-49 &       9.109148e-26 &             5.028423e-51 \\
schreiber2018/cnn                   &                         6.729877e-06 &                      4.779501e-03 &       4.695253e-36 &           2.876002e-68 &             5.249476e-51 &             1.886761e-49 &       1.000000e+00 &       2.141003e-15 &             6.147699e-01 \\
schreiber2018/fcn                   &                         2.432762e-02 &                      1.768175e-03 &       3.862177e-16 &           3.177666e-37 &             9.664591e-25 &             9.109148e-26 &       2.141003e-15 &       1.000000e+00 &             4.153183e-12 \\
schreiber2018/ismir2018             &                         2.394657e-05 &                      3.315189e-03 &       5.583352e-36 &           7.526740e-68 &             9.684689e-51 &             5.028423e-51 &       6.147699e-01 &       4.153183e-12 &             1.000000e+00 \\
\bottomrule
\end{tabular}
