\begin{tabular}{lrrrrrrrrr}
\toprule
{} &  boeck2015/tempodetector2016\_default &  davies2009/mirex\_qm\_tempotracker &  percival2014/stem &  schreiber2014/default &  schreiber2017/ismir2017 &  schreiber2017/mirex2017 &  schreiber2018/cnn &  schreiber2018/fcn &  schreiber2018/ismir2018 \\
Estimator                           &                                      &                                   &                    &                        &                          &                          &                    &                    &                          \\
\midrule
boeck2015/tempodetector2016\_default &                         1.000000e+00 &                      2.530130e-01 &       1.372946e-22 &           1.104458e-47 &             2.027657e-28 &             6.653200e-33 &       6.729877e-06 &       2.432762e-02 &             2.394657e-05 \\
davies2009/mirex\_qm\_tempotracker    &                         2.530130e-01 &                      1.000000e+00 &       2.663774e-31 &           1.611380e-58 &             3.209447e-38 &             3.785001e-40 &       4.779501e-03 &       1.768175e-03 &             3.315189e-03 \\
percival2014/stem                   &                         1.372946e-22 &                      2.663774e-31 &       1.000000e+00 &           1.224690e-03 &             4.995131e-01 &             9.789437e-01 &       4.695253e-36 &       3.862177e-16 &             5.583352e-36 \\
schreiber2014/default               &                         1.104458e-47 &                      1.611380e-58 &       1.224690e-03 &           1.000000e+00 &             7.118477e-06 &             2.917164e-04 &       2.876002e-68 &       3.177666e-37 &             7.526740e-68 \\
schreiber2017/ismir2017             &                         2.027657e-28 &                      3.209447e-38 &       4.995131e-01 &           7.118477e-06 &             1.000000e+00 &             2.612444e-03 &       2.239297e-42 &       4.918289e-18 &             8.407372e-44 \\
schreiber2017/mirex2017             &                         6.653200e-33 &                      3.785001e-40 &       9.789437e-01 &           2.917164e-04 &             2.612444e-03 &             1.000000e+00 &       1.419778e-47 &       1.466091e-21 &             2.397652e-48 \\
schreiber2018/cnn                   &                         6.729877e-06 &                      4.779501e-03 &       4.695253e-36 &           2.876002e-68 &             2.239297e-42 &             1.419778e-47 &       1.000000e+00 &       2.141003e-15 &             6.147699e-01 \\
schreiber2018/fcn                   &                         2.432762e-02 &                      1.768175e-03 &       3.862177e-16 &           3.177666e-37 &             4.918289e-18 &             1.466091e-21 &       2.141003e-15 &       1.000000e+00 &             4.153183e-12 \\
schreiber2018/ismir2018             &                         2.394657e-05 &                      3.315189e-03 &       5.583352e-36 &           7.526740e-68 &             8.407372e-44 &             2.397652e-48 &       6.147699e-01 &       4.153183e-12 &             1.000000e+00 \\
\bottomrule
\end{tabular}
