\begin{tabular}{lrrrrrrrrr}
\toprule
{} &  boeck2015/tempodetector2016\_default &  davies2009/mirex\_qm\_tempotracker &  percival2014/stem &  schreiber2014/default &  schreiber2017/ismir2017 &  schreiber2017/mirex2017 &  schreiber2018/cnn &  schreiber2018/fcn &  schreiber2018/ismir2018 \\
Estimator                           &                                      &                                   &                    &                        &                          &                          &                    &                    &                          \\
\midrule
boeck2015/tempodetector2016\_default &                         1.000000e+00 &                      3.725290e-09 &       4.547474e-13 &           1.136868e-13 &             3.552714e-15 &             9.094947e-13 &       2.441406e-04 &       3.725290e-09 &                 0.000004 \\
davies2009/mirex\_qm\_tempotracker    &                         3.725290e-09 &                      1.000000e+00 &       9.191455e-02 &           7.692583e-02 &             2.052693e-02 &             1.618814e-01 &       1.133098e-02 &       1.000000e+00 &                 0.143307 \\
percival2014/stem                   &                         4.547474e-13 &                      9.191455e-02 &       1.000000e+00 &           8.803958e-01 &             3.367836e-01 &             1.000000e+00 &       8.963039e-06 &       7.245426e-02 &                 0.001403 \\
schreiber2014/default               &                         1.136868e-13 &                      7.692583e-02 &       8.803958e-01 &           1.000000e+00 &             4.868502e-01 &             7.358788e-01 &       3.353161e-07 &       2.007385e-02 &                 0.000346 \\
schreiber2017/ismir2017             &                         3.552714e-15 &                      2.052693e-02 &       3.367836e-01 &           4.868502e-01 &             1.000000e+00 &             3.857422e-02 &       4.405936e-08 &       2.221434e-03 &                 0.000036 \\
schreiber2017/mirex2017             &                         9.094947e-13 &                      1.618814e-01 &       1.000000e+00 &           7.358788e-01 &             3.857422e-02 &             1.000000e+00 &       1.509720e-05 &       5.761267e-02 &                 0.001641 \\
schreiber2018/cnn                   &                         2.441406e-04 &                      1.133098e-02 &       8.963039e-06 &           3.353161e-07 &             4.405936e-08 &             1.509720e-05 &       1.000000e+00 &       1.543880e-03 &                 0.179565 \\
schreiber2018/fcn                   &                         3.725290e-09 &                      1.000000e+00 &       7.245426e-02 &           2.007385e-02 &             2.221434e-03 &             5.761267e-02 &       1.543880e-03 &       1.000000e+00 &                 0.075519 \\
schreiber2018/ismir2018             &                         3.814697e-06 &                      1.433067e-01 &       1.402689e-03 &           3.460011e-04 &             3.588792e-05 &             1.641491e-03 &       1.795654e-01 &       7.551870e-02 &                 1.000000 \\
\bottomrule
\end{tabular}
