\begin{tabular}{lrrrrrrrrr}
\toprule
{} &  boeck2015/tempodetector2016\_default &  davies2009/mirex\_qm\_tempotracker &  percival2014/stem &  schreiber2014/default &  schreiber2017/ismir2017 &  schreiber2017/mirex2017 &  schreiber2018/cnn &  schreiber2018/fcn &  schreiber2018/ismir2018 \\
Estimator                           &                                      &                                   &                    &                        &                          &                          &                    &                    &                          \\
\midrule
boeck2015/tempodetector2016\_default &                         1.000000e+00 &                      1.959888e-08 &       3.092199e-31 &           5.789366e-42 &             2.138909e-29 &             3.116827e-27 &       6.098340e-01 &       1.496164e-03 &             6.749867e-01 \\
davies2009/mirex\_qm\_tempotracker    &                         1.959888e-08 &                      1.000000e+00 &       8.085441e-12 &           2.825185e-14 &             1.171986e-08 &             5.755950e-07 &       2.389545e-09 &       1.877097e-02 &             6.224673e-13 \\
percival2014/stem                   &                         3.092199e-31 &                      8.085441e-12 &       1.000000e+00 &           8.641500e-03 &             2.353138e-01 &             6.111558e-02 &       1.793704e-29 &       3.970008e-18 &             1.537624e-30 \\
schreiber2014/default               &                         5.789366e-42 &                      2.825185e-14 &       8.641500e-03 &           1.000000e+00 &             3.777920e-04 &             1.483690e-05 &       8.407658e-36 &       2.407823e-26 &             1.460257e-36 \\
schreiber2017/ismir2017             &                         2.138909e-29 &                      1.171986e-08 &       2.353138e-01 &           3.777920e-04 &             1.000000e+00 &             7.031250e-02 &       4.571084e-22 &       1.570169e-13 &             1.065797e-25 \\
schreiber2017/mirex2017             &                         3.116827e-27 &                      5.755950e-07 &       6.111558e-02 &           1.483690e-05 &             7.031250e-02 &             1.000000e+00 &       1.939537e-20 &       1.997617e-12 &             1.158908e-20 \\
schreiber2018/cnn                   &                         6.098340e-01 &                      2.389545e-09 &       1.793704e-29 &           8.407658e-36 &             4.571084e-22 &             1.939537e-20 &       1.000000e+00 &       4.566611e-07 &             1.000000e+00 \\
schreiber2018/fcn                   &                         1.496164e-03 &                      1.877097e-02 &       3.970008e-18 &           2.407823e-26 &             1.570169e-13 &             1.997617e-12 &       4.566611e-07 &       1.000000e+00 &             1.296708e-05 \\
schreiber2018/ismir2018             &                         6.749867e-01 &                      6.224673e-13 &       1.537624e-30 &           1.460257e-36 &             1.065797e-25 &             1.158908e-20 &       1.000000e+00 &       1.296708e-05 &             1.000000e+00 \\
\bottomrule
\end{tabular}
